facility,Total Completed Appointments 1,Completed within 30 Days 2,Percent Appts Complete d in 30 Days or Less 3,Completed in Over 30 Days 4,Percent Appts Complete d in Over 30 Days 5,"Completed 0-7 Days
6","Completed 8-14
Days 7","Completed 15-30
Days 8","Completed 31-60
Days 9","Completed 61-90
Days 10","Completed 91-120
Days 11","Completed in more than 120
Days 12",PC Avg Wait Time in Days 13,SC Avg Wait Time in Days 14,MH Avg Wait Time in Days 15,,
"(1V01) (402) Togus, ME HCS","23,587","22,347",94.74%,"1,240",5.26%,"18,905","1,662","1,780",870,256,91,23,6.96,7.41,3.64,,
"(1V01) (402) Togus, ME","14,334","13,442",93.78%,892,6.22%,"11,362","1,040","1,040",582,210,79,21,7.59,7.80,4.22,,
"(1V01) (402GA) Caribou, ME",625,581,92.96%,44,7.04%,457,42,82,38,4,2,0,9.70,0.00,5.57,,
"(1V01) (402GB) Calais, ME",202,197,97.52%,5,2.48%,176,11,10,4,1,0,0,4.00,0.00,2.59,,
"(1V01) (402GC) Rumford, ME",277,273,98.56%,4,1.44%,248,17,8,3,1,0,0,3.34,2.00,0.33,,
"(1V01) (402GD) Saco, ME","1,177","1,157",98.30%,20,1.70%,"1,006",74,77,18,2,0,0,5.83,3.60,2.59,,
"(1V01) (402GE) Lewiston, ME","1,593","1,531",96.11%,62,3.89%,"1,253",110,168,53,8,1,0,6.58,8.38,3.19,,
"(1V01) (402GF) Lincoln, ME",273,270,98.90%,3,1.10%,250,12,8,1,2,0,0,2.87,0.00,1.48,,
"(1V01) (402HB) Bangor, ME","3,599","3,429",95.28%,170,4.72%,"2,869",261,299,141,21,6,2,8.77,5.07,3.61,,
"(1V01) (402HC) Portland, ME","1,404","1,365",97.22%,39,2.78%,"1,199",83,83,30,6,3,0,4.60,9.64,3.01,,
"(1V01) (402HL) Bingham, ME -
Mobile",49,48,97.96%,1,2.04%,44,2,2,0,1,0,0,3.29,,,,
"(1V01) (402QA) Fort Kent, ME",32,32,100.00%,0,0.00%,25,4,3,0,0,0,0,4.75,,,,
"(1V01) (402QB) Houlton, ME",22,22,100.00%,0,0.00%,16,6,0,0,0,0,0,3.91,,,,
"(1V01) (405) White River Junction, VT HCS","16,337","15,458",94.62%,879,5.38%,"13,454",896,"1,108",607,189,41,42,5.54,8.21,0.80,,
"(1V01) (405) White River Junction, VT","11,627","10,896",93.71%,731,6.29%,"9,487",616,793,514,166,23,28,5.57,8.25,0.98,,
"(1V01) (405GA) Bennington, VT",681,675,99.12%,6,0.88%,640,26,9,6,0,0,0,1.86,3.88,0.84,,
"(1V01) (405GC) Brattleboro, VT",321,311,96.88%,10,3.12%,258,25,28,10,0,0,0,3.48,10.83,0.16,,
"(1V01) (405HA) Burlington Lakeside, VT","2,113","2,027",95.93%,86,4.07%,"1,761",128,138,44,16,16,10,7.72,7.91,0.39,,
"(1V01) (405HE) Keene, NH",300,295,98.33%,5,1.67%,215,25,55,4,1,0,0,8.17,8.66,0.60,,
"(1V01) (405HF) Rutland, VT",518,504,97.30%,14,2.70%,452,31,21,10,2,0,2,3.59,14.55,1.31,,
"(1V01) (405QA) St. Johnsbury, VT",615,594,96.59%,21,3.41%,494,39,61,15,3,1,2,6.85,6.94,0.87,,
"(1V01) (405QB) Newport, VT",162,156,96.30%,6,3.70%,147,6,3,4,1,1,0,3.61,15.00,0.57,,
"(1V01) (518) Bedford, MA HCS","10,942","10,640",97.24%,302,2.76%,"9,601",534,505,194,53,38,17,1.78,8.43,1.31,,
"(1V01) (518) Bedford, MA (Edith Nourse Rogers)","9,692","9,401",97.00%,291,3.00%,"8,410",511,480,190,52,33,16,1.82,8.52,1.20,,
"(1V01) (518GA) Lynn, MA",425,423,99.53%,2,0.47%,408,9,6,1,0,0,1,1.95,2.39,1.45,,
"(1V01) (518GB) Haverhill, MA",469,468,99.79%,1,0.21%,451,10,7,1,0,0,0,1.13,5.86,0.80,,
"(1V01) (518GD) Lowell, MA",16,16,100.00%,0,0.00%,16,0,0,0,0,0,0,,,,,
"(1V01) (518GE) Gloucester, MA",330,322,97.58%,8,2.42%,312,4,6,2,1,5,0,2.24,3.57,7.17,,
(1V01) (518MA) IDES Hanscom AFB,10,10,100.00%,0,0.00%,4,0,6,0,0,0,0,,13.38,11.50,,
"(1V01) (523) Boston, MA HCS","39,255","37,871",96.47%,"1,384",3.53%,"32,701","2,682","2,488","1,165",164,34,21,6.26,6.74,2.53,,
"(1V01) (523) Jamaica Plain, MA","17,094","16,438",96.16%,656,3.84%,"13,825","1,310","1,303",570,70,4,12,7.27,6.19,2.69,,
"(1V01) (523A4) West Roxbury, MA","6,202","5,860",94.49%,342,5.51%,"4,920",478,462,298,31,8,5,8.21,8.05,1.08,,
"(1V01) (523A5) Brockton, MA","10,336","10,018",96.92%,318,3.08%,"8,948",586,484,237,59,18,4,7.04,7.65,2.20,,
"(1V01) (523BY) Lowell, MA","1,432","1,390",97.07%,42,2.93%,"1,086",168,136,37,1,4,0,4.39,7.31,8.79,,
"(1V01) (523BZ) Causeway, MA","3,296","3,292",99.88%,4,0.12%,"3,191",62,39,4,0,0,0,2.78,2.61,0.93,,
"(1V01) (523GA) Framingham, MA",385,380,98.70%,5,1.30%,317,40,23,3,2,0,0,4.02,0.00,4.13,,
"(1V01) (523GC) Quincy, MA",171,170,99.42%,1,0.58%,151,7,12,1,0,0,0,2.48,18.67,,,
"(1V01) (523GD) Plymouth, MA",329,313,95.14%,16,4.86%,254,30,29,15,1,0,0,6.51,0.90,,,
(1V01) (523MA) IDES Hanscom AFB,10,10,100.00%,0,0.00%,9,1,0,0,0,0,0,,2.00,0.00,,
"(1V01) (608) Manchester, NH HCS","14,566","14,093",96.75%,473,3.25%,"12,020","1,119",954,413,43,12,5,5.80,5.35,4.60,,
"(1V01) (608) Manchester, NH","13,107","12,698",96.88%,409,3.12%,"10,991",909,798,360,35,9,5,5.07,5.32,4.12,,
"(1V01) (608GA) Portsmouth, NH",275,263,95.64%,12,4.36%,199,33,31,10,2,0,0,7.47,0.00,4.93,,
"(1V01) (608GC) Somersworth, NH",611,566,92.64%,45,7.36%,385,104,77,41,3,1,0,8.99,15.41,8.46,,
"Completed Appointment Wait Times National, Facility, and Division Level Summaries.
Wait Time Measured from Preferred Date For the Reporting Period Ending:  December 2017",Total Completed Appointments 1,Completed within 30 Days 2,Percent Appts Complete d in 30 Days or Less 3,Completed in Over 30 Days 4,Percent Appts Complete d in Over 30 Days 5,"Completed 0-7 Days
6","Completed 8-14
Days 7","Completed 15-30
Days 8","Completed 31-60
Days 9","Completed 61-90
Days 10","Completed 91-120
Days 11","Completed in more than 120
Days 12",PC Avg Wait Time in Days 13,SC Avg Wait Time in Days 14,MH Avg Wait Time in Days 15,,
"(1V01) (608GD) Conway, NH",170,169,99.41%,1,0.59%,140,14,15,0,0,1,0,4.74,0.00,2.53,,
"(1V01) (608HA) Tilton, NH",402,396,98.51%,6,1.49%,304,59,33,2,3,1,0,6.53,1.20,3.50,,
(1V01) (608MA) IDES Manchester VAMC,1,1,100.00%,0,0.00%,1,0,0,0,0,0,0,,0.00,,,
(1V01) (631) Central Western Massachusetts HCS,"19,247","18,496",96.10%,751,3.90%,"16,236","1,138","1,122",497,175,48,31,4.28,6.51,4.36,,
"(1V01) (631) Central Western Massachusetts, MA (Edward P. Boland)","8,176","7,761",94.92%,415,5.08%,"6,685",485,591,212,138,36,29,2.71,9.13,5.17,,
"(1V01) (631BY) Springfield, MA","4,127","3,969",96.17%,158,3.83%,"3,576",218,175,131,20,6,1,6.30,2.62,4.49,,
"(1V01) (631GC) Pittsfield, MA",524,483,92.18%,41,7.82%,419,36,28,36,0,4,1,10.72,14.46,1.93,,
"(1V01) (631GD) Greenfield, MA",683,678,99.27%,5,0.73%,631,28,19,5,0,0,0,2.41,6.14,1.50,,
"(1V01) (631GE) Worcester, MA","1,789","1,747",97.65%,42,2.35%,"1,590",99,58,34,8,0,0,3.29,0.90,0.38,,
"(1V01) (631GF) Fitchburg, MA",899,892,99.22%,7,0.78%,790,66,36,6,1,0,0,2.44,0.71,3.73,,
"(1V01) (631MA) IDES Keller Army
Community Hospital",1,1,100.00%,0,0.00%,1,0,0,0,0,0,0,,0.00,,,
(1V01) (631PA) 631PA,5,5,100.00%,0,0.00%,5,0,0,0,0,0,0,,,,,
"(1V01) (631QA) Northampton, MA (Plantation Street)","2,032","1,979",97.39%,53,2.61%,"1,754",110,115,44,7,2,0,,3.61,,,
"(1V01) (631QB) Northampton, MA (Lake Avenue)","1,011",981,97.03%,30,2.97%,785,96,100,29,1,0,0,0.00,6.63,5.03,,
"(1V01) (650) Providence, RI HCS","27,506","26,993",98.13%,513,1.87%,"24,041","1,550","1,402",415,78,15,5,3.56,4.85,2.06,,
"(1V01) (650) Providence, RI","20,059","19,675",98.09%,384,1.91%,"17,618",980,"1,077",305,62,14,3,4.09,6.18,1.28,,
"(1V01) (650GA) New Bedford, MA","1,408","1,380",98.01%,28,1.99%,"1,258",55,67,23,5,0,0,3.72,0.80,5.48,,
"(1V01) (650GB) Hyannis, MA","1,247","1,202",96.39%,45,3.61%,"1,024",88,90,34,8,1,2,2.87,12.08,5.21,,
"(1V01) (650GD) Middletown, RI",730,728,99.73%,2,0.27%,697,19,12,2,0,0,0,0.67,6.76,1.73,,
"(1V01) (650QA) Eagle Square, RI","4,062","4,008",98.67%,54,1.33%,"3,444",408,156,51,3,0,0,,3.07,11.32,,
(1V01) (689) Connecticut HCS,"44,556","43,349",97.29%,"1,207",2.71%,"38,162","2,374","2,813",982,143,52,30,3.25,6.37,3.35,,
"(1V01) (689) West Haven, CT","24,097","23,307",96.72%,790,3.28%,"20,291","1,355","1,661",649,84,40,17,3.49,6.90,2.22,,
"(1V01) (689A4) Newington, CT","14,722","14,355",97.51%,367,2.49%,"12,546",840,969,291,53,12,11,2.85,5.52,4.64,,
"(1V01) (689GA) Waterbury, CT",453,448,98.90%,5,1.10%,390,31,27,5,0,0,0,3.36,1.00,3.67,,
"(1V01) (689GB) Stamford, CT",324,318,98.15%,6,1.85%,292,14,12,5,1,0,0,3.56,0.00,0.32,,
"(1V01) (689GC) Willimantic, CT",474,461,97.26%,13,2.74%,370,36,55,9,2,0,2,6.85,0.00,4.22,,
"(1V01) (689GD) Winsted, CT",372,366,98.39%,6,1.61%,320,22,24,6,0,0,0,3.57,14.00,2.94,,
"(1V01) (689GE) Danbury, CT",364,363,99.73%,1,0.27%,335,11,17,1,0,0,0,2.36,0.00,2.53,,
"(1V01) (689HC) New London, CT
(John J. McGuirk)",992,973,98.08%,19,1.92%,878,56,39,16,3,0,0,2.23,2.70,5.84,,
"(1V01) (689QA) Errera, CT","2,758","2,758",100.00%,0,0.00%,"2,740",9,9,0,0,0,0,0.57,1.25,0.00,,
"(1V02) (528A8) Albany, NY HCS","19,230","18,532",96.37%,698,3.63%,"16,608",940,984,427,182,44,45,4.31,5.26,5.82,,
"(1V02) (528A8) Albany, NY (Samuel S. Stratton)","15,756","15,095",95.80%,661,4.20%,"13,512",724,859,398,178,41,44,6.43,5.29,6.67,,
"(1V02) (528G2) Westport, NY",115,114,99.13%,1,0.87%,104,7,3,1,0,0,0,3.19,0.00,0.00,,
"(1V02) (528G3) Bainbridge, NY",250,225,90.00%,25,10.00%,206,4,15,22,3,0,0,7.74,21.00,0.00,,
"(1V02) (528G6) Fonda, NY",223,221,99.10%,2,0.90%,202,9,10,0,0,1,1,3.71,0.00,0.74,,
"(1V02) (528G7) Catskill, NY",271,265,97.79%,6,2.21%,235,15,15,3,1,2,0,2.77,5.50,13.49,,
"(1V02) (528GT) Glens Falls, NY",556,556,100.00%,0,0.00%,527,18,11,0,0,0,0,1.71,0.00,1.24,,
"(1V02) (528GV) Plattsburgh, NY",564,563,99.82%,1,0.18%,489,60,14,1,0,0,0,3.04,3.00,2.31,,
"(1V02) (528GW) Schenectady, NY",374,374,100.00%,0,0.00%,371,2,1,0,0,0,0,0.16,0.00,2.14,,
"(1V02) (528GX) Troy, NY",261,261,100.00%,0,0.00%,239,18,4,0,0,0,0,2.24,0.00,3.64,,
"(1V02) (528GY) Clifton Park, NY",321,321,100.00%,0,0.00%,253,30,38,0,0,0,0,5.34,0.00,6.50,,
"Completed Appointment Wait Times National, Facility, and Division Level Summaries.
Wait Time Measured from Preferred Date For the Reporting Period Ending:  December 2017",Total Completed Appointments 1,Completed within 30 Days 2,Percent Appts Complete d in 30 Days or Less 3,Completed in Over 30 Days 4,Percent Appts Complete d in Over 30 Days 5,"Completed 0-7 Days
6","Completed 8-14
Days 7","Completed 15-30
Days 8","Completed 31-60
Days 9","Completed 61-90
Days 10","Completed 91-120
Days 11","Completed in more than 120
Days 12",PC Avg Wait Time in Days 13,SC Avg Wait Time in Days 14,MH Avg Wait Time in Days 15,,
"(1V02) (528GZ) Kingston, NY",400,398,99.50%,2,0.50%,341,47,10,2,0,0,0,2.57,0.00,3.08,,
"(1V02) (528QK) Saranac Lake, NY",139,139,100.00%,0,0.00%,129,6,4,0,0,0,0,2.33,0.00,0.00,,
"(1V02) (528A6) Bath, NY HCS","14,733","14,512",98.50%,221,1.50%,"13,392",550,570,198,13,8,2,5.53,5.49,1.96,,
"(1V02) (528A6) Bath, NY","13,476","13,294",98.65%,182,1.35%,"12,366",458,470,168,7,6,1,4.55,5.64,2.46,,
"(1V02) (528G4) Elmira, NY",681,669,98.24%,12,1.76%,577,53,39,9,1,2,0,4.79,4.21,0.47,,
"(1V02) (528G8) Wellsville, NY",385,358,92.99%,27,7.01%,301,26,31,21,5,0,1,12.10,2.65,0.01,,
"(1V02) (528QE) Coudersport, PA",49,49,100.00%,0,0.00%,37,6,6,0,0,0,0,5.63,,,,
"(1V02) (528QF) Wellsboro, PA",142,142,100.00%,0,0.00%,111,7,24,0,0,0,0,5.50,,0.00,,
(1V02) (528) Western New York HCS,"29,714","28,692",96.56%,"1,022",3.44%,"25,623","1,542","1,527",684,175,107,56,3.12,7.49,2.42,,
"(1V02) (528) Buffalo, NY","22,599","21,706",96.05%,893,3.95%,"19,050","1,306","1,350",611,134,96,52,4.00,7.46,1.92,,
"(1V02) (528A4) Batavia, NY","2,603","2,499",96.00%,104,4.00%,"2,334",85,80,51,41,9,3,3.18,8.69,3.06,,
"(1V02) (528GB) Jamestown, NY",589,580,98.47%,9,1.53%,529,27,24,9,0,0,0,1.48,5.00,5.94,,
"(1V02) (528GC) Dunkirk, NY",429,428,99.77%,1,0.23%,403,11,14,1,0,0,0,0.84,,4.31,,
"(1V02) (528GD) Niagara Falls, NY",458,458,100.00%,0,0.00%,417,32,9,0,0,0,0,2.24,9.67,3.24,,
"(1V02) (528GK) Lockport, NY",461,461,100.00%,0,0.00%,451,9,1,0,0,0,0,1.31,1.33,2.52,,
"(1V02) (528GQ) Lackawanna, NY",683,679,99.41%,4,0.59%,613,42,24,3,0,1,0,2.51,1.14,3.70,,
"(1V02) (528GR) Olean, NY",697,686,98.42%,11,1.58%,631,30,25,9,0,1,1,3.24,0.80,2.26,,
"(1V02) (528QA) Buffalo-Main Street, NY",970,970,100.00%,0,0.00%,970,0,0,0,0,0,0,,,,,
"(1V02) (528QB) Saint Vincent DePaul, NY",225,225,100.00%,0,0.00%,225,0,0,0,0,0,0,0.00,,,,
"(1V02) (528A5) Canandaigua, NY HCS","12,383","11,758",94.95%,625,5.05%,"9,953",859,946,482,108,21,14,6.33,7.47,3.47,,
"(1V02) (528A5) Canandaigua, NY","5,390","5,177",96.05%,213,3.95%,"4,395",333,449,182,25,3,3,7.47,6.33,3.54,,
"(1V02) (528GE) Rochester, NY","5,125","4,988",97.33%,137,2.67%,"4,227",414,347,107,17,8,5,5.69,4.31,3.43,,
"(1V02) (528QC) Clinton Crossings, NY","1,860","1,586",85.27%,274,14.73%,"1,325",112,149,192,66,10,6,,12.36,,,
"(1V02) (528QD) Mount Hope, NY",8,7,87.50%,1,12.50%,6,0,1,1,0,0,0,,,,,
"(1V02) (528A7) Syracuse, NY HCS","27,685","26,468",95.60%,"1,217",4.40%,"22,815","1,825","1,828",840,241,84,52,3.74,8.74,3.91,,
"(1V02) (528A7) Syracuse, NY","15,029","14,150",94.15%,879,5.85%,"11,930","1,083","1,137",606,182,61,30,3.66,8.83,4.88,,
"(1V02) (528G5) Auburn, NY",455,452,99.34%,3,0.66%,424,19,9,2,1,0,0,1.23,11.53,2.55,,
"(1V02) (528G9) Tompkins County, NY",783,774,98.85%,9,1.15%,680,67,27,6,1,1,1,3.76,6.18,2.55,,
"(1V02) (528GL) Massena, NY",779,741,95.12%,38,4.88%,628,54,59,28,3,0,7,6.80,10.93,6.09,,
"(1V02) (528GM) Rome, NY (Donald
J. Mitchell)","2,806","2,747",97.90%,59,2.10%,"2,307",202,238,48,7,3,1,4.68,6.52,4.87,,
"(1V02) (528GN) Binghamton, NY","1,764","1,727",97.90%,37,2.10%,"1,580",78,69,21,10,4,2,1.38,10.08,2.08,,
"(1V02) (528GO) Watertown, NY","1,327","1,271",95.78%,56,4.22%,"1,012",135,124,42,5,5,4,5.65,7.46,7.56,,
"(1V02) (528GP) Oswego, NY",507,502,99.01%,5,0.99%,450,36,16,5,0,0,0,1.81,8.82,3.40,,
(1V02) (528MA) Watertown DES,2,2,100.00%,0,0.00%,2,0,0,0,0,0,0,,0.00,,,
"(1V02) (528QG) Erie West, NY","2,262","2,214",97.88%,48,2.12%,"2,097",55,62,37,9,2,0,,6.54,2.77,,
"(1V02) (528QH) South Salina, NY",554,552,99.64%,2,0.36%,532,12,8,2,0,0,0,,,0.00,,
"(1V02) (528QI) Erie East, NY",641,578,90.17%,63,9.83%,486,50,42,27,21,8,7,,9.86,,,
"(1V02) (528QN) Watertown 2, NY",776,758,97.68%,18,2.32%,687,34,37,16,2,0,0,,5.91,1.76,,
"(1V02) (526) Bronx, NY HCS","21,624","21,300",98.50%,324,1.50%,"19,683",889,728,264,44,13,3,4.13,3.50,1.02,,
"(1V02) (526) Bronx, NY (James J.
Peters)","20,952","20,643",98.53%,309,1.47%,"19,088",855,700,251,43,12,3,4.22,3.50,0.85,,
"(1V02) (526GA) White Plains, NY",331,322,97.28%,9,2.72%,284,20,18,8,0,1,0,5.97,0.00,2.69,,
"(1V02) (526GB) Yonkers, NY",242,237,97.93%,5,2.07%,221,9,7,5,0,0,0,1.54,0.00,4.30,,
"Completed Appointment Wait Times National, Facility, and Division Level Summaries.
Wait Time Measured from Preferred Date For the Reporting Period Ending:  December 2017",Total Completed Appointments 1,Completed within 30 Days 2,Percent Appts Complete d in 30 Days or Less 3,Completed in Over 30 Days 4,Percent Appts Complete d in Over 30 Days 5,"Completed 0-7 Days
6","Completed 8-14
Days 7","Completed 15-30
Days 8","Completed 31-60
Days 9","Completed 61-90
Days 10","Completed 91-120
Days 11","Completed in more than 120
Days 12",PC Avg Wait Time in Days 13,SC Avg Wait Time in Days 14,MH Avg Wait Time in Days 15,,
"(1V02) (526GD) Sunnyside-Queens, NY (Thomas P. Noonan Jr.)",99,98,98.99%,1,1.01%,90,5,3,0,1,0,0,2.84,,3.67,,
(1V02) (561) New Jersey HCS,"37,509","36,293",96.76%,"1,216",3.24%,"32,740","1,736","1,817",885,231,68,32,1.98,6.80,2.05,,
"(1V02) (561) East Orange, NJ","19,844","19,111",96.31%,733,3.69%,"16,963","1,018","1,130",503,157,50,23,1.60,7.39,2.54,,
"(1V02) (561A4) Lyons, NJ","6,768","6,483",95.79%,285,4.21%,"5,700",349,434,241,32,7,5,2.32,7.19,1.78,,
"(1V02) (561BY) Newark, NJ",380,380,100.00%,0,0.00%,380,0,0,0,0,0,0,,,,,
"(1V02) (561BZ) Brick, NJ (James J.
Howard)","5,009","4,853",96.89%,156,3.11%,"4,380",293,180,113,35,6,2,4.57,4.20,2.37,,
"(1V02) (561GA) Hamilton, NJ",548,541,98.72%,7,1.28%,521,6,14,5,0,2,0,1.36,7.00,3.07,,
"(1V02) (561GB) Elizabeth, NJ",232,232,100.00%,0,0.00%,225,6,1,0,0,0,0,0.67,,0.10,,
"(1V02) (561GD) Hackensack, NJ","2,002","1,989",99.35%,13,0.65%,"1,937",25,27,9,4,0,0,0.32,1.69,1.85,,
"(1V02) (561GE) Jersey City, NJ",330,327,99.09%,3,0.91%,324,1,2,3,0,0,0,0.12,5.22,1.13,,
"(1V02) (561GF) Piscataway, NJ",600,597,99.50%,3,0.50%,590,4,3,2,0,1,0,0.47,9.50,0.39,,
"(1V02) (561GH) Morristown, NJ",309,309,100.00%,0,0.00%,293,13,3,0,0,0,0,1.08,0.00,1.50,,
"(1V02) (561GI) Tinton Falls, NJ",862,854,99.07%,8,0.93%,823,15,16,6,1,0,1,1.04,3.56,1.30,,
"(1V02) (561GJ) Paterson, NJ",358,352,98.32%,6,1.68%,346,2,4,1,2,2,1,2.28,0.00,1.73,,
"(1V02) (561GK) Sussex, NJ",267,265,99.25%,2,0.75%,258,4,3,2,0,0,0,1.53,0.00,0.68,,
"(1V02) (620) Hudson Valley, NY HCS","19,322","19,124",98.98%,198,1.02%,"17,242","1,031",851,152,31,10,5,1.90,3.71,2.05,,
"(1V02) (620) Montrose, NY (Franklin Delano Roosevelt)","4,807","4,780",99.44%,27,0.56%,"4,428",220,132,22,4,0,1,1.86,2.53,1.57,,
"(1V02) (620A4) Castle Point, NY","9,656","9,511",98.50%,145,1.50%,"8,376",596,539,108,24,10,3,2.05,4.21,1.82,,
"(1V02) (620BU) Montrose, NY - VADOM",60,60,100.00%,0,0.00%,60,0,0,0,0,0,0,,,0.00,,
"(1V02) (620GA) New City, NY","1,227","1,219",99.35%,8,0.65%,"1,129",51,39,6,2,0,0,1.88,2.80,3.23,,
"(1V02) (620GB) Carmel, NY",720,717,99.58%,3,0.42%,686,18,13,2,1,0,0,1.10,3.04,2.14,,
"(1V02) (620GD) Goshen, NY","1,048","1,045",99.71%,3,0.29%,922,52,71,3,0,0,0,3.14,4.79,1.95,,
"(1V02) (620GE) Port Jervis, NY",792,791,99.87%,1,0.13%,733,44,14,1,0,0,0,1.44,2.09,2.51,,
"(1V02) (620GF) Monticello, NY",379,379,100.00%,0,0.00%,346,22,11,0,0,0,0,0.92,3.09,6.43,,
"(1V02) (620GG) Poughkeepsie, NY",455,446,98.02%,9,1.98%,403,21,22,9,0,0,0,1.19,5.65,8.42,,
"(1V02) (620GH) Eastern Dutchess, NY",163,161,98.77%,2,1.23%,144,7,10,1,0,0,1,2.11,6.15,3.64,,
(1V02) (620MA) IDES West Point,11,11,100.00%,0,0.00%,11,0,0,0,0,0,0,,0.00,0.00,,
"(1V02) (620QA) Montrose 1, NY -
Mobile",4,4,100.00%,0,0.00%,4,0,0,0,0,0,0,,,,,
(1V02) (630) New York Harbor HCS,"39,782","38,889",97.76%,893,2.24%,"35,151","1,815","1,923",724,138,15,16,3.48,4.41,0.74,,
"(1V02) (630) Manhattan, NY","17,354","16,934",97.58%,420,2.42%,"15,215",776,943,337,69,9,5,3.90,4.47,0.57,,
"(1V02) (630A4) Brooklyn, NY","18,839","18,440",97.88%,399,2.12%,"16,653",905,882,337,49,6,7,3.90,4.32,0.78,,
"(1V02) (630A5) St. Albans, NY","2,461","2,393",97.24%,68,2.76%,"2,221",106,66,46,18,0,4,2.02,5.17,1.18,,
"(1V02) (630GA) Harlem, NY",92,92,100.00%,0,0.00%,91,0,1,0,0,0,0,0.00,0.00,1.75,,
"(1V02) (630GB) Staten Island, NY","1,036","1,030",99.42%,6,0.58%,971,28,31,4,2,0,0,1.63,2.59,1.64,,
"(1V02) (632) Northport, NY HCS","25,080","24,303",96.90%,777,3.10%,"21,365","1,469","1,469",641,81,30,25,3.35,6.45,1.38,,
"(1V02) (632) Northport, NY","21,325","20,584",96.53%,741,3.47%,"18,024","1,228","1,332",608,78,30,25,4.07,6.48,1.18,,
"(1V02) (632BU) Northport, NY - VADOM",112,112,100.00%,0,0.00%,112,0,0,0,0,0,0,,,,,
"(1V02) (632GA) East Meadow, NY","1,260","1,257",99.76%,3,0.24%,"1,156",78,23,2,1,0,0,2.14,8.93,0.98,,
"(1V02) (632HA) Valley Stream, NY",298,297,99.66%,1,0.34%,255,28,14,1,0,0,0,4.25,0.00,0.55,,
"(1V02) (632HB) Riverhead, NY",632,628,99.37%,4,0.63%,584,24,20,4,0,0,0,1.61,3.44,1.30,,
"(1V02) (632HC) Bay Shore, NY",398,389,97.74%,9,2.26%,347,25,17,8,1,0,0,3.84,,3.13,,
"(1V02) (632HD) Patchogue, NY",852,845,99.18%,7,0.82%,746,65,34,7,0,0,0,3.05,2.77,4.19,,
"Completed Appointment Wait Times National, Facility, and Division Level Summaries.
Wait Time Measured from Preferred Date For the Reporting Period Ending:  December 2017",Total Completed Appointments 1,Completed within 30 Days 2,Percent Appts Complete d in 30 Days or Less 3,Completed in Over 30 Days 4,Percent Appts Complete d in Over 30 Days 5,"Completed 0-7 Days
6","Completed 8-14
Days 7","Completed 15-30
Days 8","Completed 31-60
Days 9","Completed 61-90
Days 10","Completed 91-120
Days 11","Completed in more than 120
Days 12",PC Avg Wait Time in Days 13,SC Avg Wait Time in Days 14,MH Avg Wait Time in Days 15,,
"(1V02) (632QA) Northport 1, NY -
Mobile",172,168,97.67%,4,2.33%,127,16,25,3,1,0,0,,5.88,,,
"(1V02) (632QB) Northport 2, NY -
Mobile",31,23,74.19%,8,25.81%,14,5,4,8,0,0,0,,15.55,,,
"(1V04) (460) Wilmington, DE HCS","16,270","15,839",97.35%,431,2.65%,"13,834","1,067",938,326,79,24,2,2.63,6.89,2.96,,
"(1V04) (460) Wilmington, DE","10,545","10,203",96.76%,342,3.24%,"8,869",675,659,249,68,23,2,2.68,7.30,1.85,,
"(1V04) (460GA) Georgetown, DE (Sussex County)","1,410","1,399",99.22%,11,0.78%,"1,258",76,65,10,1,0,0,2.92,2.54,3.33,,
"(1V04) (460GC) Dover, DE (Kent
County)","1,546","1,510",97.67%,36,2.33%,"1,352",83,75,34,2,0,0,1.94,2.28,4.86,,
"(1V04) (460GD) Cape May, NJ",373,371,99.46%,2,0.54%,353,10,8,2,0,0,0,1.43,0.28,2.59,,
"(1V04) (460HE) Northfield, NJ (Atlantic County)","1,280","1,245",97.27%,35,2.73%,"1,055",123,67,27,7,1,0,2.96,10.55,3.71,,
"(1V04) (460HG) Vineland, NJ
(Cumberland County)","1,083","1,078",99.54%,5,0.46%,914,100,64,4,1,0,0,3.20,4.80,2.75,,
"(1V04) (460HK) Wilmington, DE - Mobile",33,33,100.00%,0,0.00%,33,0,0,0,0,0,0,0.00,,,,
"(1V04) (503) Altoona, PA HCS","12,726","12,505",98.26%,221,1.74%,"11,258",683,564,169,46,6,0,3.70,5.06,1.74,,
"(1V04) (503) Altoona, PA (James E. Van Zandt)","8,148","8,018",98.40%,130,1.60%,"7,244",388,386,112,16,2,0,4.27,4.22,1.75,,
"(1V04) (503GA) Johnstown, PA","1,414","1,384",97.88%,30,2.12%,"1,270",71,43,14,16,0,0,2.68,16.05,1.11,,
"(1V04) (503GB) DuBois, PA","1,468","1,433",97.62%,35,2.38%,"1,257",99,77,19,13,3,0,4.15,9.94,3.26,,
"(1V04) (503GC) State College, PA","1,128","1,104",97.87%,24,2.13%,970,84,50,22,1,1,0,3.36,6.63,1.49,,
"(1V04) (503GD) Mapleton Depot, PA (Huntingdon County)",278,276,99.28%,2,0.72%,254,17,5,2,0,0,0,3.07,2.71,0.74,,
"(1V04) (503GE) Indiana, PA",290,290,100.00%,0,0.00%,263,24,3,0,0,0,0,2.41,0.00,0.59,,
"(1V04) (529) Butler, PA HCS","8,283","8,187",98.84%,96,1.16%,"7,771",202,214,80,12,4,0,0.48,3.13,0.99,,
"(1V04) (529) Duffy Road, PA (Abie Abraham)","5,826","5,759",98.85%,67,1.15%,"5,459",142,158,53,10,4,0,0.43,2.57,0.97,,
"(1V04) (529GA) Hermitage, PA (Michael A. Marzano)",781,776,99.36%,5,0.64%,721,35,20,5,0,0,0,0.65,3.24,2.18,,
"(1V04) (529GB) New Castle, PA
(Lawrence County)",431,424,98.38%,7,1.62%,399,14,11,7,0,0,0,0.87,10.60,0.61,,
"(1V04) (529GC) Kittanning, PA (Armstrong County)",373,369,98.93%,4,1.07%,360,4,5,3,1,0,0,0.21,9.46,0.31,,
"(1V04) (529GD) Monroe Township, PA (Clarion County)",356,355,99.72%,1,0.28%,345,4,6,1,0,0,0,0.58,4.69,1.44,,
"(1V04) (529GF) Cranberry Township, PA",516,504,97.67%,12,2.33%,487,3,14,11,1,0,0,0.23,14.98,0.00,,
"(1V04) (542) Coatesville, PA HCS","13,269","13,212",99.57%,57,0.43%,"12,611",363,238,51,4,2,0,1.05,2.19,2.06,,
"(1V04) (542) Coatesville, PA","11,371","11,315",99.51%,56,0.49%,"10,756",335,224,51,3,2,0,1.26,2.19,2.41,,
"(1V04) (542BU) Coatesville, PA - VADOM",553,553,100.00%,0,0.00%,545,7,1,0,0,0,0,,,0.00,,
"(1V04) (542GA) Springfield, PA",799,799,100.00%,0,0.00%,776,14,9,0,0,0,0,0.98,0.00,0.79,,
"(1V04) (542GE) Spring City, PA",546,545,99.82%,1,0.18%,534,7,4,0,1,0,0,0.24,2.38,0.68,,
"(1V04) (562) Erie, PA HCS","11,365","10,890",95.82%,475,4.18%,"9,728",622,540,423,47,3,2,5.18,6.70,1.50,,
"(1V04) (562) Erie, PA","8,543","8,153",95.43%,390,4.57%,"7,271",469,413,350,37,2,1,6.21,6.87,1.36,,
"(1V04) (562GA) Meadville, PA (Crawford County)",674,624,92.58%,50,7.42%,500,55,69,47,3,0,0,10.37,5.11,1.69,,
"(1V04) (562GB) Ashtabula, OH",643,619,96.27%,24,3.73%,564,30,25,17,5,1,1,5.15,6.32,1.20,,
"(1V04) (562GC) Bradford, PA
(McKean County)",323,322,99.69%,1,0.31%,308,12,2,1,0,0,0,1.36,1.75,4.55,,
"(1V04) (562GD) Franklin, PA
(Venango County)",565,559,98.94%,6,1.06%,510,28,21,4,2,0,0,2.55,2.86,2.42,,
"(1V04) (562GE) Warren, PA",617,613,99.35%,4,0.65%,575,28,10,4,0,0,0,1.76,3.76,2.06,,
"(1V04) (595) Lebanon, PA HCS","25,592","24,867",97.17%,725,2.83%,"22,026","1,491","1,350",563,127,24,11,3.28,4.57,2.85,,
"(1V04) (595) Lebanon, PA","17,428","16,899",96.96%,529,3.04%,"14,845","1,066",988,412,86,22,9,4.28,4.60,2.09,,
"(1V04) (595GA) Camp Hill, PA","3,021","2,925",96.82%,96,3.18%,"2,690",125,110,79,15,1,1,2.55,5.10,3.10,,
"Completed Appointment Wait Times National, Facility, and Division Level Summaries.
Wait Time Measured from Preferred Date For the Reporting Period Ending:  December 2017",Total Completed Appointments 1,Completed within 30 Days 2,Percent Appts Complete d in 30 Days or Less 3,Completed in Over 30 Days 4,Percent Appts Complete d in Over 30 Days 5,"Completed 0-7 Days
6","Completed 8-14
Days 7","Completed 15-30
Days 8","Completed 31-60
Days 9","Completed 61-90
Days 10","Completed 91-120
Days 11","Completed in more than 120
Days 12",PC Avg Wait Time in Days 13,SC Avg Wait Time in Days 14,MH Avg Wait Time in Days 15,,
"(1V04) (595GC) Lancaster, PA","1,242","1,223",98.47%,19,1.53%,"1,142",41,40,16,2,1,0,2.12,3.11,2.21,,
"(1V04) (595GD) Wyomissing, PA (Berks County)","1,198","1,180",98.50%,18,1.50%,"1,003",91,86,16,2,0,0,3.07,1.90,6.29,,
"(1V04) (595GE) York, PA","2,300","2,246",97.65%,54,2.35%,"2,033",113,100,32,22,0,0,2.66,4.89,3.15,,
"(1V04) (595GF) Pottsville, PA",356,347,97.47%,9,2.53%,268,55,24,8,0,0,1,5.36,,5.86,,
"(1V04) (595QA) Annville, PA (Fort Indiantown Gap)",47,47,100.00%,0,0.00%,45,0,2,0,0,0,0,1.91,,,,
"(1V04) (642) Philadelphia, PA HCS","34,075","32,921",96.61%,"1,154",3.39%,"29,333","1,784","1,804",861,226,41,26,3.85,5.84,1.61,,
"(1V04) (642) Philadelphia, PA (Corporal Michael J. Crescenz)","27,088","26,184",96.66%,904,3.34%,"23,288","1,385","1,511",656,190,34,24,3.65,5.65,1.32,,
"(1V04) (642GA) Burlington County, NJ","1,636","1,564",95.60%,72,4.40%,"1,423",76,65,72,0,0,0,4.58,7.59,1.95,,
"(1V04) (642GC) Horsham, PA (Victor J. Saracini)","2,187","2,074",94.83%,113,5.17%,"1,751",199,124,91,15,5,2,4.64,11.06,3.06,,
"(1V04) (642GD) Gloucester County, NJ","2,152","2,095",97.35%,57,2.65%,"1,963",75,57,34,21,2,0,2.93,4.87,1.29,,
"(1V04) (642GF) Camden, NJ",433,425,98.15%,8,1.85%,329,49,47,8,0,0,0,4.40,6.42,9.26,,
"(1V04) (642QA) Chestnut Street, PA",579,579,100.00%,0,0.00%,579,0,0,0,0,0,0,,,,,
"(1V04) (646) Pittsburgh, PA HCS","32,566","31,065",95.39%,"1,501",4.61%,"25,923","2,465","2,677","1,130",297,55,19,4.18,8.18,2.06,,
"(1V04) (646) Pittsburgh-University Drive, PA","20,204","19,082",94.45%,"1,122",5.55%,"15,307","1,725","2,050",908,177,27,10,7.03,8.39,1.55,,
"(1V04) (646A4) Heinz, PA (H. John
Heinz III)","6,445","6,201",96.21%,244,3.79%,"5,435",379,387,127,84,25,8,3.87,8.80,1.78,,
"(1V04) (646GA) St. Clairsville, OH (Belmont County)","1,154","1,144",99.13%,10,0.87%,"1,023",77,44,9,1,0,0,3.26,2.31,1.33,,
"(1V04) (646GB) Greensburg, PA (Westmoreland County)","1,289","1,259",97.67%,30,2.33%,"1,118",76,65,28,1,1,0,3.93,2.98,2.93,,
"(1V04) (646GC) Rochester, PA (Beaver County)","1,350","1,343",99.48%,7,0.52%,"1,205",99,39,4,0,2,1,2.85,2.79,3.55,,
"(1V04) (646GD) Washington, PA","1,174","1,126",95.91%,48,4.09%,"1,000",64,62,32,16,0,0,2.30,9.86,8.01,,
"(1V04) (646GE) Uniontown, PA (Fayette County)",950,910,95.79%,40,4.21%,835,45,30,22,18,0,0,1.69,16.64,3.80,,
"(1V04) (693) Wilkes-Barre, PA HCS","22,815","22,135",97.02%,680,2.98%,"19,739","1,201","1,195",474,129,56,21,5.12,4.73,6.05,,
"(1V04) (693) Wilkes-Barre, PA","15,786","15,313",97.00%,473,3.00%,"13,581",860,872,322,98,42,11,3.24,5.12,7.23,,
"(1V04) (693B4) Allentown, PA","4,289","4,168",97.18%,121,2.82%,"3,706",222,240,104,8,7,2,4.68,3.07,5.16,,
"(1V04) (693GA) Sayre, PA",980,948,96.73%,32,3.27%,846,66,36,11,10,6,5,7.92,1.93,2.84,,
"(1V04) (693GB) Williamsport, PA",885,867,97.97%,18,2.03%,814,30,23,7,8,1,2,14.15,5.04,4.19,,
"(1V04) (693GC) Tobyhanna, PA",147,134,91.16%,13,8.84%,120,7,7,11,2,0,0,7.58,0.06,4.64,,
"(1V04) (693GF) Berwick, PA
(Columbia County)",281,280,99.64%,1,0.36%,279,1,0,1,0,0,0,0.10,,1.46,,
"(1V04) (693GG) Bangor, PA
(Northampton County)",242,222,91.74%,20,8.26%,195,12,15,16,3,0,1,7.25,0.70,14.73,,
"(1V04) (693QA) Honesdale, PA (Wayne County)",205,203,99.02%,2,0.98%,198,3,2,2,0,0,0,1.48,0.00,,,
"(1V05) (540) Clarksburg, WV HCS","15,752","15,138",96.10%,614,3.90%,"13,547",793,798,403,122,67,22,3.77,7.22,2.88,,
"(1V05) (540) Clarksburg, WV (Louis A. Johnson)","12,944","12,374",95.60%,570,4.40%,"11,078",639,657,365,118,66,21,3.96,7.19,2.63,,
"(1V05) (540BU) Clarksburg, WV - VADOM",4,4,100.00%,0,0.00%,4,0,0,0,0,0,0,,,,,
"(1V05) (540GA) Parsons, WV
(Tucker County)",229,229,100.00%,0,0.00%,211,11,7,0,0,0,0,2.46,,1.80,,
"(1V05) (540GB) Parkersburg, WV (Wood County)","1,134","1,105",97.44%,29,2.56%,996,41,68,25,3,1,0,3.59,10.46,3.72,,
"(1V05) (540GC) Gassaway, WV
(Braxton County)",543,539,99.26%,4,0.74%,504,17,18,4,0,0,0,1.89,14.83,3.03,,
"(1V05) (540GD) Westover, WV
(Monongalia County)",847,841,99.29%,6,0.71%,722,74,45,6,0,0,0,4.08,6.60,3.17,,
"(1V05) (540HK) Clarksburg, WV - Mobile",51,46,90.20%,5,9.80%,32,11,3,3,1,0,1,14.67,0.00,,,
"(1V05) (512) Baltimore, MD HCS","35,893","35,157",97.95%,736,2.05%,"31,936","1,686","1,535",507,183,23,23,2.50,5.04,1.57,,
"(1V05) (512) Baltimore, MD","21,828","21,278",97.48%,550,2.52%,"19,225","1,042","1,011",342,173,14,21,2.55,5.46,0.40,,
"Completed Appointment Wait Times National, Facility, and Division Level Summaries.
Wait Time Measured from Preferred Date For the Reporting Period Ending:  December 2017",Total Completed Appointments 1,Completed within 30 Days 2,Percent Appts Complete d in 30 Days or Less 3,Completed in Over 30 Days 4,Percent Appts Complete d in Over 30 Days 5,"Completed 0-7 Days
6","Completed 8-14
Days 7","Completed 15-30
Days 8","Completed 31-60
Days 9","Completed 61-90
Days 10","Completed 91-120
Days 11","Completed in more than 120
Days 12",PC Avg Wait Time in Days 13,SC Avg Wait Time in Days 14,MH Avg Wait Time in Days 15,,
"(1V05) (512A5) Perry Point, MD","5,885","5,857",99.52%,28,0.48%,"5,503",203,151,26,1,0,1,2.81,2.38,1.01,,
"(1V05) (512GA) Cambridge, MD","1,833","1,814",98.96%,19,1.04%,"1,648",88,78,18,1,0,0,1.55,5.41,3.41,,
"(1V05) (512GC) Glen Burnie, MD","1,606","1,560",97.14%,46,2.86%,"1,359",105,96,40,0,5,1,3.02,7.63,4.48,,
"(1V05) (512GD) Loch Raven, MD","2,596","2,541",97.88%,55,2.12%,"2,350",118,73,48,3,4,0,2.36,3.69,1.77,,
"(1V05) (512GE) Pocomoke City, MD",437,430,98.40%,7,1.60%,360,33,37,7,0,0,0,4.43,0.00,4.62,,
"(1V05) (512GF) Fort Howard, MD",369,367,99.46%,2,0.54%,335,14,18,2,0,0,0,2.77,,2.66,,
"(1V05) (512GG) Fort Meade, MD","1,339","1,310",97.83%,29,2.17%,"1,156",83,71,24,5,0,0,1.64,7.13,4.17,,
"(1V05) (613) Martinsburg, WV HCS","27,784","26,236",94.43%,"1,548",5.57%,"22,869","1,538","1,829","1,050",410,64,24,6.09,10.28,2.98,,
"(1V05) (613) Martinsburg, WV","20,340","19,079",93.80%,"1,261",6.20%,"16,713","1,092","1,274",825,356,59,21,4.02,11.03,2.37,,
"(1V05) (613BU) Martinsburg, WV - VADOM",549,549,100.00%,0,0.00%,505,37,7,0,0,0,0,,,2.19,,
"(1V05) (613GA) Cumberland, MD","1,121","1,023",91.26%,98,8.74%,918,49,56,63,35,0,0,13.27,3.23,1.76,,
"(1V05) (613GB) Hagerstown, MD","1,118","1,100",98.39%,18,1.61%,909,68,123,18,0,0,0,6.22,0.00,1.53,,
"(1V05) (613GC) Stephens City, VA","1,709","1,654",96.78%,55,3.22%,"1,441",108,105,48,6,0,1,5.14,6.58,4.63,,
"(1V05) (613GD) Franklin, WV",68,68,100.00%,0,0.00%,64,3,1,0,0,0,0,2.15,0.00,1.15,,
"(1V05) (613GE) Petersburg, WV",302,301,99.67%,1,0.33%,246,14,41,1,0,0,0,5.56,15.67,2.60,,
"(1V05) (613GF) Harrisonburg, VA",903,843,93.36%,60,6.64%,755,31,57,41,12,5,2,10.77,5.00,4.50,,
"(1V05) (613GG) Fort Detrick, MD","1,674","1,619",96.71%,55,3.29%,"1,318",136,165,54,1,0,0,6.28,4.56,6.97,,
"(1V05) (688) Washington, DC HCS","39,696","38,293",96.47%,"1,403",3.53%,"34,421","1,839","2,033","1,245",102,52,4,5.90,5.15,2.47,,
"(1V05) (688) Washington-DC, DC","34,240","33,012",96.41%,"1,228",3.59%,"29,508","1,606","1,898","1,094",82,48,4,7.46,5.17,2.63,,
"(1V05) (688GA) Fort Belvoir, VA","2,246","2,176",96.88%,70,3.12%,"2,011",106,59,54,13,3,0,3.42,5.94,1.78,,
"(1V05) (688GB) Southeast Washington, DC",217,216,99.54%,1,0.46%,210,4,2,1,0,0,0,1.08,0.00,0.00,,
"(1V05) (688GD) Charlotte Hall, MD","1,249","1,214",97.20%,35,2.80%,"1,138",51,25,29,5,1,0,3.86,2.01,1.19,,
"(1V05) (688GE) Southern Prince Georges County-Andrews Air Force Base, MD","1,736","1,667",96.03%,69,3.97%,"1,547",71,49,67,2,0,0,4.00,4.42,2.82,,
"(1V05) (688QA) Franklin Street, DC",8,8,100.00%,0,0.00%,7,1,0,0,0,0,0,,,5.80,,
"(1V05) (517) Beckley, WV HCS","10,751","10,312",95.92%,439,4.08%,"9,158",539,615,257,144,12,26,4.93,9.13,2.14,,
"(1V05) (517) Beckley, WV","9,749","9,316",95.56%,433,4.44%,"8,290",464,562,252,143,12,26,5.45,9.36,1.71,,
"(1V05) (517GB) Ronceverte, WV (Greenbrier County)",757,753,99.47%,4,0.53%,662,55,36,3,1,0,0,3.05,0.00,8.32,,
"(1V05) (517QA) Princeton, WV",245,243,99.18%,2,0.82%,206,20,17,2,0,0,0,3.65,3.53,0.00,,
"(1V05) (581) Huntington, WV HCS","22,432","21,757",96.99%,675,3.01%,"19,550","1,161","1,046",464,175,25,11,2.84,5.92,1.91,,
"(1V05) (581) Huntington, WV","17,479","16,852",96.41%,627,3.59%,"15,170",788,894,432,162,23,10,2.51,6.38,1.63,,
"(1V05) (581GA) Prestonsburg, KY","1,713","1,709",99.77%,4,0.23%,"1,629",54,26,3,1,0,0,1.04,0.58,2.52,,
"(1V05) (581GB) Charleston, WV","2,671","2,634",98.61%,37,1.39%,"2,240",278,116,23,12,2,0,4.88,2.09,2.53,,
"(1V05) (581GG) Gallipolis, OH",396,395,99.75%,1,0.25%,367,20,8,1,0,0,0,1.35,3.83,9.20,,
"(1V05) (581GH) Lenore, WV",162,156,96.30%,6,3.70%,133,21,2,5,0,0,1,6.93,4.00,,,
"(1V05) (581QA) Huntington-Ninth Street, WV",11,11,100.00%,0,0.00%,11,0,0,0,0,0,0,0.36,,,,
"(1V06) (558) Durham, NC HCS","40,766","39,084",95.87%,"1,682",4.13%,"35,050","1,958","2,076","1,240",282,89,71,5.90,5.67,2.22,,
"(1V06) (558) Durham, NC","23,988","23,113",96.35%,875,3.65%,"20,722","1,227","1,164",602,161,52,60,6.43,5.06,1.09,,
"(1V06) (558GA) Greenville, NC","8,572","7,992",93.23%,580,6.77%,"7,054",373,565,461,88,24,7,6.99,7.57,3.15,,
"(1V06) (558GB) Raleigh-Sungate Boulevard, NC","1,580","1,520",96.20%,60,3.80%,"1,399",53,68,43,9,7,1,4.57,8.77,1.21,,
"(1V06) (558GC) Morehead City, NC","1,502","1,437",95.67%,65,4.33%,"1,305",48,84,45,15,2,3,4.65,12.70,4.91,,
"(1V06) (558GD) Durham County, NC","1,349","1,344",99.63%,5,0.37%,"1,315",23,6,3,1,1,0,,,0.96,,
"(1V06) (558GE) Hillandale Road, NC","1,091","1,022",93.68%,69,6.32%,853,79,90,62,6,1,0,6.53,8.76,0.00,,
"Completed Appointment Wait Times National, Facility, and Division Level Summaries.
Wait Time Measured from Preferred Date For the Reporting Period Ending:  December 2017",Total Completed Appointments 1,Completed within 30 Days 2,Percent Appts Complete d in 30 Days or Less 3,Completed in Over 30 Days 4,Percent Appts Complete d in Over 30 Days 5,"Completed 0-7 Days
6","Completed 8-14
Days 7","Completed 15-30
Days 8","Completed 31-60
Days 9","Completed 61-90
Days 10","Completed 91-120
Days 11","Completed in more than 120
Days 12",PC Avg Wait Time in Days 13,SC Avg Wait Time in Days 14,MH Avg Wait Time in Days 15,,
"(1V06) (558GF) Wake County, NC","1,609","1,600",99.44%,9,0.56%,"1,464",79,57,7,0,2,0,,,2.74,,
"(1V06) (558GG) Raleigh-Atlantic Avenue, NC",921,907,98.48%,14,1.52%,827,47,33,12,2,0,0,3.76,0.59,0.12,,
"(1V06) (558QA) Brier Creek, NC",154,149,96.75%,5,3.25%,111,29,9,5,0,0,0,,2.93,,,
"(1V06) (565) Fayetteville, NC HCS","39,789","38,841",97.62%,948,2.38%,"34,248","2,208","2,385",687,162,76,23,3.35,6.32,2.75,,
"(1V06) (565) Fayetteville, NC","10,251","10,092",98.45%,159,1.55%,"9,276",425,391,102,49,3,5,6.99,3.17,2.09,,
"(1V06) (565GA) Jacksonville- Henderson Drive, NC","2,212","2,197",99.32%,15,0.68%,"2,087",70,40,11,2,2,0,0.84,4.91,2.98,,
"(1V06) (565GC) Wilmington, NC","6,409","6,300",98.30%,109,1.70%,"5,450",427,423,95,13,1,0,2.47,4.69,3.70,,
"(1V06) (565GD) Hamlet, NC",809,801,99.01%,8,0.99%,774,14,13,7,1,0,0,1.05,28.00,1.79,,
"(1V06) (565GE) Robeson County, NC",800,790,98.75%,10,1.25%,740,30,20,7,3,0,0,2.13,0.75,3.77,,
"(1V06) (565GF) Goldsboro, NC","1,003",995,99.20%,8,0.80%,889,53,53,8,0,0,0,2.98,3.60,1.41,,
"(1V06) (565GG) Sanford, NC (Lee
County)",920,901,97.93%,19,2.07%,726,71,104,14,1,0,4,5.98,9.00,4.37,,
"(1V06) (565GH) Brunswick County, NC",444,443,99.77%,1,0.23%,412,17,14,1,0,0,0,2.21,,,,
"(1V06) (565GJ) Jacksonville 2, NC",479,479,100.00%,0,0.00%,472,3,4,0,0,0,0,0.49,,,,
"(1V06) (565GL) Cumberland County, NC","14,936","14,348",96.06%,588,3.94%,"12,027","1,045","1,276",412,93,69,14,4.43,8.76,3.62,,
(1V06) (565MB) IDES Fort Bragg,103,103,100.00%,0,0.00%,97,6,0,0,0,0,0,,0.79,2.07,,
(1V06) (565MD) IDES Camp Lejeune,146,146,100.00%,0,0.00%,144,0,2,0,0,0,0,,0.00,0.69,,
"(1V06) (565QA) Robeson Street, NC",675,675,100.00%,0,0.00%,670,2,3,0,0,0,0,,,,,
"(1V06) (565QB) Fayetteville, NC - Mobile",11,11,100.00%,0,0.00%,11,0,0,0,0,0,0,,,0.00,,
"(1V06) (565QD) Raeford Road, NC",591,560,94.75%,31,5.25%,473,45,42,30,0,1,0,,5.31,,,
"(1V06) (590) Hampton, VA HCS","29,412","27,170",92.38%,"2,242",7.62%,"23,214","1,791","2,165","1,413",530,164,135,7.43,12.69,7.44,,
"(1V06) (590) Hampton, VA","24,657","22,695",92.04%,"1,962",7.96%,"19,532","1,383","1,780","1,219",473,146,124,7.99,12.67,7.21,,
"(1V06) (590GB) Virginia Beach, VA","2,122","1,920",90.48%,202,9.52%,"1,499",219,202,129,49,14,10,10.46,15.34,9.61,,
"(1V06) (590GC) Albemarle, NC",671,668,99.55%,3,0.45%,567,49,52,3,0,0,0,4.88,0.00,1.82,,
"(1V06) (590GD) Chesapeake, VA","1,789","1,714",95.81%,75,4.19%,"1,532",85,97,62,8,4,1,3.26,16.40,8.66,,
(1V06) (590MA) IDES Portsmouth,49,49,100.00%,0,0.00%,18,11,20,0,0,0,0,,10.66,10.45,,
(1V06) (590MB) IDES Langley,51,51,100.00%,0,0.00%,19,20,12,0,0,0,0,,8.73,,,
(1V06) (590MC) IDES Fort Eustis,73,73,100.00%,0,0.00%,47,24,2,0,0,0,0,,5.35,6.42,,
"(1V06) (637) Asheville, NC HCS","27,038","24,651",91.17%,"2,387",8.83%,"21,360","1,483","1,808","1,349",670,249,119,4.65,12.96,4.45,,
"(1V06) (637) Asheville, NC (Charles George)","22,033","19,877",90.21%,"2,156",9.79%,"17,157","1,210","1,510","1,144",646,248,118,4.73,13.39,4.09,,
"(1V06) (637GA) Franklin, NC","1,109","1,090",98.29%,19,1.71%,970,59,61,17,2,0,0,2.29,4.05,4.31,,
"(1V06) (637GB) Rutherford County, NC","1,022",985,96.38%,37,3.62%,857,69,59,34,3,0,0,6.20,3.12,3.78,,
"(1V06) (637GC) Hickory, NC","2,874","2,699",93.91%,175,6.09%,"2,376",145,178,154,19,1,1,4.70,9.12,6.12,,
"(1V06) (652) Richmond, VA HCS","43,626","42,088",96.47%,"1,538",3.53%,"36,627","2,693","2,768","1,135",240,72,91,4.35,6.97,2.53,,
"(1V06) (652) Richmond, VA (Hunter Holmes McGuire)","38,002","36,608",96.33%,"1,394",3.67%,"31,730","2,379","2,499","1,011",224,71,88,4.62,6.96,2.65,,
"(1V06) (652GA) Fredericksburg, VA","1,933","1,902",98.40%,31,1.60%,"1,768",82,52,24,6,1,0,2.03,8.52,1.99,,
"(1V06) (652GB) Fredericksburg 2, VA","1,461","1,429",97.81%,32,2.19%,"1,212",115,102,22,9,0,1,3.49,10.66,3.03,,
"(1V06) (652GE) Charlottesville, VA","1,633","1,573",96.33%,60,3.67%,"1,427",74,72,58,1,0,1,4.88,3.93,1.29,,
"(1V06) (652GF) Emporia, VA",597,576,96.48%,21,3.52%,490,43,43,20,0,0,1,6.20,8.88,3.51,,
"(1V06) (658) Salem, VA HCS","25,816","24,055",93.18%,"1,761",6.82%,"20,498","1,782","1,775","1,029",416,239,77,5.70,11.60,3.74,,
"(1V06) (658) Salem, VA","21,216","19,631",92.53%,"1,585",7.47%,"16,546","1,552","1,533",925,376,222,62,5.89,11.82,2.36,,
"(1V06) (658GA) Tazewell, VA",273,273,100.00%,0,0.00%,253,14,6,0,0,0,0,2.36,,,,
"(1V06) (658GB) Danville, VA","1,673","1,623",97.01%,50,2.99%,"1,447",80,96,33,11,2,4,3.35,5.84,9.31,,
"Completed Appointment Wait Times National, Facility, and Division Level Summaries.
Wait Time Measured from Preferred Date For the Reporting Period Ending:  December 2017",Total Completed Appointments 1,Completed within 30 Days 2,Percent Appts Complete d in 30 Days or Less 3,Completed in Over 30 Days 4,Percent Appts Complete d in Over 30 Days 5,"Completed 0-7 Days
6","Completed 8-14
Days 7","Completed 15-30
Days 8","Completed 31-60
Days 9","Completed 61-90
Days 10","Completed 91-120
Days 11","Completed in more than 120
Days 12",PC Avg Wait Time in Days 13,SC Avg Wait Time in Days 14,MH Avg Wait Time in Days 15,,
"(1V06) (658GC) Lynchburg, VA","1,033",961,93.03%,72,6.97%,832,57,72,38,17,8,9,11.33,8.83,6.27,,
"(1V06) (658GD) Staunton, VA",771,741,96.11%,30,3.89%,683,32,26,19,6,3,2,5.34,5.07,4.27,,
"(1V06) (658GE) Wytheville, VA",850,826,97.18%,24,2.82%,737,47,42,14,6,4,0,4.12,2.03,4.96,,
"(1V06) (659) Salisbury, NC HCS","52,099","49,114",94.27%,"2,985",5.73%,"40,361","3,938","4,815","2,206",574,135,70,4.37,8.24,8.47,,
"(1V06) (659) Salisbury, NC (W.G.
(Bill) Hefner Salisbury)","21,877","21,010",96.04%,867,3.96%,"17,593","1,620","1,797",693,126,34,14,4.37,6.87,5.51,,
"(1V06) (659BY) Kernersville, NC","14,206","13,107",92.26%,"1,099",7.74%,"10,726",988,"1,393",721,263,68,47,5.47,8.73,15.03,,
"(1V06) (659BZ) South Charlotte, NC","13,873","12,869",92.76%,"1,004",7.24%,"10,229","1,130","1,510",780,184,32,8,4.05,10.64,6.21,,
"(1V06) (659GA) North Charlotte, NC","2,143","2,128",99.30%,15,0.70%,"1,813",200,115,12,1,1,1,1.96,4.41,3.63,,
"(2V07) (508) Atlanta, GA HCS","63,230","60,068",95.00%,"3,162",5.00%,"52,280","3,590","4,198","2,281",652,138,91,3.59,10.75,2.21,,
"(2V07) (508) Atlanta, GA","28,719","26,685",92.92%,"2,034",7.08%,"22,979","1,634","2,072","1,457",409,94,74,4.55,11.56,1.69,,
"(2V07) (508GA) Fort McPherson, GA","5,407","5,131",94.90%,276,5.10%,"4,543",268,320,156,104,16,0,3.92,18.53,3.20,,
"(2V07) (508GE) Oakwood, GA","3,044","2,979",97.86%,65,2.14%,"2,606",124,249,53,12,0,0,3.51,8.43,1.98,,
"(2V07) (508GF) Austell, GA","1,699","1,676",98.65%,23,1.35%,"1,543",77,56,19,4,0,0,1.89,6.15,3.23,,
"(2V07) (508GG) Stockbridge, GA","2,192","2,167",98.86%,25,1.14%,"1,904",118,145,18,4,0,3,4.21,2.09,3.30,,
"(2V07) (508GH) Lawrenceville, GA","2,330","2,306",98.97%,24,1.03%,"2,061",139,106,17,7,0,0,2.67,6.40,1.05,,
"(2V07) (508GI) Newnan, GA","1,476","1,451",98.31%,25,1.69%,"1,295",73,83,25,0,0,0,2.72,6.23,3.43,,
"(2V07) (508GJ) Blairsville, GA",723,719,99.45%,4,0.55%,672,32,15,1,0,1,2,1.99,1.56,2.21,,
"(2V07) (508GK) Carrollton, GA (Trinka Davis Village)","2,068","1,994",96.42%,74,3.58%,"1,670",123,201,57,15,1,1,4.28,8.24,1.80,,
"(2V07) (508GL) Rome, GA",772,762,98.70%,10,1.30%,700,52,10,2,5,0,3,4.08,1.14,2.29,,
"(2V07) (508QB) East Point, GA",381,381,100.00%,0,0.00%,368,9,4,0,0,0,0,0.00,,0.82,,
"(2V07) (508QC) Henderson Mill, GA","2,155","2,153",99.91%,2,0.09%,"2,069",52,32,2,0,0,0,,,1.61,,
"(2V07) (508QD) Fulton County, GA",372,372,100.00%,0,0.00%,247,104,21,0,0,0,0,,5.21,7.19,,
"(2V07) (508QE) Gwinnett County, GA","1,186","1,178",99.33%,8,0.67%,"1,075",59,44,8,0,0,0,3.64,5.08,0.75,,
"(2V07) (508QF) Atlanta-Arcadia Avenue, GA","10,706","10,114",94.47%,592,5.53%,"8,548",726,840,466,92,26,8,3.58,8.42,3.08,,
"(2V07) (509) Augusta, GA HCS","26,288","25,051",95.29%,"1,237",4.71%,"22,095","1,347","1,609",944,205,58,30,3.29,7.67,2.31,,
"(2V07) (509) Augusta Downtown, GA (Charlie Norwood)","11,668","10,976",94.07%,692,5.93%,"9,334",685,957,547,95,32,18,,7.95,1.77,,
"(2V07) (509A0) Augusta Uptown, GA","11,316","10,811",95.54%,505,4.46%,"9,737",532,542,366,103,25,11,3.91,7.22,2.50,,
"(2V07) (509GA) Athens, GA","1,767","1,756",99.38%,11,0.62%,"1,629",80,47,8,3,0,0,1.87,4.63,1.58,,
"(2V07) (509GB) Aiken, SC","1,044","1,042",99.81%,2,0.19%,990,29,23,1,1,0,0,1.07,2.67,1.64,,
"(2V07) (509QA) Statesboro, GA",493,466,94.52%,27,5.48%,405,21,40,22,3,1,1,4.08,1.44,4.07,,
"(2V07) (521) Birmingham, AL HCS","41,734","40,037",95.93%,"1,697",4.07%,"36,190","1,948","1,899","1,156",364,141,36,1.56,8.55,2.57,,
"(2V07) (521) Birmingham, AL","20,155","18,945",94.00%,"1,210",6.00%,"16,732","1,085","1,128",780,275,126,29,0.66,11.64,2.65,,
"(2V07) (521GA) Huntsville, AL","5,515","5,342",96.86%,173,3.14%,"4,759",358,225,109,51,9,4,2.33,8.16,2.26,,
"(2V07) (521GC) Sheffield, AL (Florence)","1,615","1,615",100.00%,0,0.00%,"1,605",7,3,0,0,0,0,0.03,1.04,0.46,,
"(2V07) (521GD) Rainbow City, AL","1,435","1,433",99.86%,2,0.14%,"1,364",55,14,2,0,0,0,0.58,2.09,2.56,,
"(2V07) (521GE) Oxford, AL","1,558","1,539",98.78%,19,1.22%,"1,356",71,112,19,0,0,0,1.75,3.52,6.18,,
"(2V07) (521GF) Jasper, AL",974,973,99.90%,1,0.10%,965,7,1,0,1,0,0,0.30,1.25,0.55,,
"(2V07) (521GG) Bessemer, AL","1,003",989,98.60%,14,1.40%,933,22,34,13,0,1,0,1.68,2.23,3.04,,
"(2V07) (521GH) Childersburg, AL","1,121","1,121",100.00%,0,0.00%,"1,098",19,4,0,0,0,0,0.66,2.00,0.78,,
"(2V07) (521GI) Guntersville, AL","1,390","1,381",99.35%,9,0.65%,"1,279",67,35,8,0,1,0,1.67,4.03,3.30,,
"(2V07) (521GJ) Birmingham-7th Avenue, AL","5,365","5,128",95.58%,237,4.42%,"4,639",210,279,197,33,4,3,2.52,5.95,2.61,,
"(2V07) (521QA) Callahan, AL","1,603","1,571",98.00%,32,2.00%,"1,460",47,64,28,4,0,0,,2.75,,,
"Completed Appointment Wait Times National, Facility, and Division Level Summaries.
Wait Time Measured from Preferred Date For the Reporting Period Ending:  December 2017",Total Completed Appointments 1,Completed within 30 Days 2,Percent Appts Complete d in 30 Days or Less 3,Completed in Over 30 Days 4,Percent Appts Complete d in Over 30 Days 5,"Completed 0-7 Days
6","Completed 8-14
Days 7","Completed 15-30
Days 8","Completed 31-60
Days 9","Completed 61-90
Days 10","Completed 91-120
Days 11","Completed in more than 120
Days 12",PC Avg Wait Time in Days 13,SC Avg Wait Time in Days 14,MH Avg Wait Time in Days 15,,
"(2V07) (534) Charleston, SC HCS","45,352","44,117",97.28%,"1,235",2.72%,"39,888","2,112","2,117","1,083",113,29,10,1.80,6.62,2.74,,
"(2V07) (534) Charleston, SC (Ralph H. Johnson)","21,066","20,240",96.08%,826,3.92%,"18,178",981,"1,081",717,81,23,5,1.05,6.58,2.01,,
"(2V07) (534BY) Savannah, GA","6,468","6,287",97.20%,181,2.80%,"5,562",341,384,159,17,3,2,3.42,6.92,3.63,,
"(2V07) (534GB) Myrtle Beach, SC","2,559","2,541",99.30%,18,0.70%,"2,309",124,108,17,1,0,0,2.29,4.30,6.64,,
"(2V07) (534GC) Beaufort, SC","2,270","2,260",99.56%,10,0.44%,"2,115",84,61,9,1,0,0,1.73,2.81,1.88,,
"(2V07) (534GD) Goose Creek, SC","4,605","4,501",97.74%,104,2.26%,"4,093",237,171,97,5,2,0,1.06,8.01,4.06,,
"(2V07) (534GE) Hinesville, GA","3,133","3,118",99.52%,15,0.48%,"2,926",103,89,15,0,0,0,1.18,4.51,1.97,,
"(2V07) (534GF) Trident 1, SC","1,877","1,876",99.95%,1,0.05%,"1,821",42,13,1,0,0,0,1.10,0.68,,,
"(2V07) (534QA) Market Commons, SC","2,669","2,590",97.04%,79,2.96%,"2,228",172,190,67,8,1,3,,7.36,4.02,,
"(2V07) (534QB) Trident 2, SC",612,611,99.84%,1,0.16%,563,28,20,1,0,0,0,,,2.05,,
"(2V07) (534QC) Charleston-City Hall Lane, SC",93,93,100.00%,0,0.00%,93,0,0,0,0,0,0,,,,,
"(2V07) (544) Columbia, SC HCS","46,648","44,540",95.48%,"2,108",4.52%,"39,672","2,484","2,384","1,529",436,79,64,3.15,8.14,2.08,,
"(2V07) (544) Columbia, SC (Wm. Jennings Bryan Dorn)","30,388","28,547",93.94%,"1,841",6.06%,"25,131","1,749","1,667","1,333",389,67,52,3.79,8.85,1.93,,
"(2V07) (544BZ) Greenville, SC","5,842","5,658",96.85%,184,3.15%,"5,042",298,318,132,35,8,9,3.90,4.93,4.06,,
"(2V07) (544GB) Florence, SC","1,887","1,878",99.52%,9,0.48%,"1,712",100,66,8,1,0,0,2.70,6.00,1.15,,
"(2V07) (544GC) Rock Hill, SC","2,419","2,401",99.26%,18,0.74%,"2,336",40,25,15,0,3,0,1.88,1.50,1.25,,
"(2V07) (544GD) Anderson, SC","2,291","2,268",99.00%,23,1.00%,"1,966",145,157,18,5,0,0,2.75,4.96,1.83,,
"(2V07) (544GE) Orangeburg, SC",947,936,98.84%,11,1.16%,893,24,19,5,2,1,3,0.98,,4.72,,
"(2V07) (544GF) Sumter, SC","1,220","1,215",99.59%,5,0.41%,"1,106",57,52,4,1,0,0,3.43,,0.55,,
"(2V07) (544GG) Spartanburg, SC","1,483","1,472",99.26%,11,0.74%,"1,384",51,37,11,0,0,0,2.24,4.36,1.65,,
"(2V07) (544HK) Columbia, SC -
Mobile",171,165,96.49%,6,3.51%,102,20,43,3,3,0,0,,9.37,,,
"(2V07) (557) Dublin, GA HCS","22,143","20,852",94.17%,"1,291",5.83%,"18,580","1,176","1,096",637,478,143,33,6.47,11.59,4.36,,
"(2V07) (557) Dublin, GA (Carl Vinson)","14,861","13,924",93.69%,937,6.31%,"12,451",749,724,401,372,131,33,7.09,12.05,3.88,,
"(2V07) (557GA) Macon, GA","1,788","1,756",98.21%,32,1.79%,"1,408",168,180,28,4,0,0,4.35,1.61,7.40,,
"(2V07) (557GB) Albany, GA","1,597","1,534",96.06%,63,3.94%,"1,469",41,24,45,16,2,0,6.97,4.12,1.17,,
"(2V07) (557GC) Milledgeville, GA",583,581,99.66%,2,0.34%,561,13,7,2,0,0,0,0.30,0.00,2.22,,
"(2V07) (557GE) Brunswick, GA","1,179","1,038",88.04%,141,11.96%,925,65,48,83,55,3,0,15.31,10.66,3.46,,
"(2V07) (557GF) Tifton, GA","1,183","1,167",98.65%,16,1.35%,"1,052",67,48,11,3,2,0,3.29,1.76,3.13,,
"(2V07) (557HA) Perry, GA",952,852,89.50%,100,10.50%,714,73,65,67,28,5,0,8.81,13.89,10.09,,
(2V07) (619) Central Alabama HCS,"25,449","23,480",92.26%,"1,969",7.74%,"20,850","1,180","1,450","1,228",492,170,79,10.47,11.57,8.77,,
"(2V07) (619) Montgomery, AL (Central Alabama)","6,088","5,414",88.93%,674,11.07%,"4,611",331,472,447,118,76,33,0.00,13.90,7.57,,
"(2V07) (619A4) Tuskegee, AL
(Central Alabama)","7,866","7,289",92.66%,577,7.34%,"6,683",247,359,278,211,58,30,4.99,11.54,15.54,,
"(2V07) (619GA) Columbus, GA","1,565","1,395",89.14%,170,10.86%,"1,260",50,85,125,35,6,4,7.15,6.68,12.33,,
"(2V07) (619GB) Dothan 1, AL",610,558,91.48%,52,8.52%,458,60,40,48,4,0,0,6.81,,,,
"(2V07) (619GD) Wiregrass, AL","1,671","1,574",94.20%,97,5.80%,"1,485",47,42,47,30,13,7,7.58,6.44,0.83,,
"(2V07) (619GE) Monroe County, AL",320,320,100.00%,0,0.00%,314,3,3,0,0,0,0,0.58,0.00,0.17,,
"(2V07) (619GF) Central Alabama Montgomery, AL","4,395","4,147",94.36%,248,5.64%,"3,573",263,311,168,67,12,1,4.63,11.02,3.63,,
"(2V07) (619PA) Tuskegee, AL
(Central Alabama) - PRRTP",6,3,50.00%,3,50.00%,2,0,1,3,0,0,0,,,,,
"(2V07) (619QA) Dothan 2, AL",536,507,94.59%,29,5.41%,426,51,30,18,7,4,0,,,5.78,,
"(2V07) (619QB) Fort Benning, GA","2,392","2,273",95.03%,119,4.97%,"2,038",128,107,94,20,1,4,27.52,5.30,0.16,,
"(2V07) (679) Tuscaloosa, AL HCS","9,644","9,169",95.07%,475,4.93%,"8,594",261,314,345,110,10,10,10.25,4.48,3.53,,
"(2V07) (679) Tuscaloosa, AL","9,240","8,768",94.89%,472,5.11%,"8,202",258,308,343,110,10,9,11.19,4.48,3.55,,
"Completed Appointment Wait Times National, Facility, and Division Level Summaries.
Wait Time Measured from Preferred Date For the Reporting Period Ending:  December 2017",Total Completed Appointments 1,Completed within 30 Days 2,Percent Appts Complete d in 30 Days or Less 3,Completed in Over 30 Days 4,Percent Appts Complete d in Over 30 Days 5,"Completed 0-7 Days
6","Completed 8-14
Days 7","Completed 15-30
Days 8","Completed 31-60
Days 9","Completed 61-90
Days 10","Completed 91-120
Days 11","Completed in more than 120
Days 12",PC Avg Wait Time in Days 13,SC Avg Wait Time in Days 14,MH Avg Wait Time in Days 15,,
"(2V07) (679BU) Tuscaloosa, AL - VADOM",82,82,100.00%,0,0.00%,82,0,0,0,0,0,0,,,,,
"(2V07) (679GA) Selma, AL",244,244,100.00%,0,0.00%,241,1,2,0,0,0,0,1.20,,0.70,,
"(2V07) (679HK) Tuscaloosa, AL - Mobile",76,73,96.05%,3,3.95%,67,2,4,2,0,0,1,6.09,,,,
(2V07) (679MA) IDES Columbus,2,2,100.00%,0,0.00%,2,0,0,0,0,0,0,,0.00,,,
"(2V08) (516) Bay Pines, FL HCS","77,241","74,525",96.48%,"2,716",3.52%,"66,163","3,846","4,516","2,026",448,145,97,3.71,6.75,4.08,,
"(2V08) (516) Bay Pines, FL (C.W. Bill
Young)","43,321","41,896",96.71%,"1,425",3.29%,"37,300","2,134","2,462","1,111",207,77,30,4.02,6.72,2.91,,
"(2V08) (516BZ) Lee County, FL","16,703","15,834",94.80%,869,5.20%,"13,795",802,"1,237",634,124,48,63,4.19,7.65,4.99,,
"(2V08) (516GA) Sarasota, FL","3,387","3,341",98.64%,46,1.36%,"3,014",154,173,43,1,1,1,3.85,0.85,2.99,,
"(2V08) (516GB) St. Petersburg, FL",689,686,99.56%,3,0.44%,675,9,2,3,0,0,0,0.81,2.65,0.72,,
"(2V08) (516GC) Palm Harbor, FL","2,295","2,226",96.99%,69,3.01%,"1,913",207,106,38,24,5,2,6.17,0.93,6.57,,
"(2V08) (516GD) Bradenton, FL","3,916","3,725",95.12%,191,4.88%,"3,310",209,206,104,81,5,1,1.86,7.93,7.82,,
"(2V08) (516GE) Port Charlotte, FL","3,204","3,140",98.00%,64,2.00%,"2,790",173,177,50,7,7,0,4.06,3.56,3.39,,
"(2V08) (516GF) Naples, FL","2,038","1,992",97.74%,46,2.26%,"1,745",135,112,41,3,2,0,2.57,9.69,11.22,,
"(2V08) (516GH) Sebring, FL","1,688","1,685",99.82%,3,0.18%,"1,621",23,41,2,1,0,0,1.04,6.32,2.90,,
"(2V08) (546) Miami, FL HCS","43,533","42,007",96.49%,"1,526",3.51%,"39,087","1,406","1,514","1,001",342,98,85,5.04,5.14,1.64,,
"(2V08) (546) Miami, FL (Bruce W.
Carter)","27,205","26,326",96.77%,879,3.23%,"24,745",743,838,595,193,46,45,5.42,4.46,0.62,,
"(2V08) (546BZ) Sunrise, FL (William ""Bill"" Kling)","10,838","10,311",95.14%,527,4.86%,"9,405",450,456,315,126,48,38,6.20,7.61,1.90,,
"(2V08) (546GA) Miami Flagler, FL",38,38,100.00%,0,0.00%,38,0,0,0,0,0,0,0.19,,,,
"(2V08) (546GB) Key West, FL",997,986,98.90%,11,1.10%,875,60,51,9,1,0,1,4.08,2.56,3.22,,
"(2V08) (546GC) Homestead, FL","1,715","1,641",95.69%,74,4.31%,"1,481",71,89,55,17,1,1,3.52,6.08,7.72,,
"(2V08) (546GD) Pembroke Pines, FL",687,679,98.84%,8,1.16%,660,7,12,4,3,1,0,1.96,0.08,1.32,,
"(2V08) (546GE) Key Largo, FL",320,317,99.06%,3,0.94%,285,19,13,2,0,1,0,2.87,2.15,1.69,,
"(2V08) (546GF) Hollywood, FL","1,159","1,138",98.19%,21,1.81%,"1,066",35,37,18,2,1,0,3.14,1.55,2.90,,
"(2V08) (546GH) Deerfield Beach, FL",574,571,99.48%,3,0.52%,532,21,18,3,0,0,0,2.97,0.76,2.75,,
"(2V08) (548) West Palm Beach, FL HCS","48,160","46,895",97.37%,"1,265",2.63%,"42,416","2,220","2,259",952,240,49,24,1.72,5.23,3.80,,
"(2V08) (548) West Palm Beach, FL","36,945","35,720",96.68%,"1,225",3.32%,"31,478","2,086","2,156",925,237,48,15,2.70,5.76,4.37,,
"(2V08) (548GA) Fort Pierce, FL","1,815","1,808",99.61%,7,0.39%,"1,743",41,24,6,0,0,1,0.86,1.43,2.22,,
"(2V08) (548GB) Delray Beach, FL","2,924","2,910",99.52%,14,0.48%,"2,892",9,9,6,1,1,6,0.14,0.21,0.70,,
"(2V08) (548GC) Stuart, FL","2,465","2,460",99.80%,5,0.20%,"2,423",20,17,4,1,0,0,0.39,0.65,1.05,,
"(2V08) (548GD) Boca Raton, FL","1,441","1,433",99.44%,8,0.56%,"1,389",26,18,7,1,0,0,0.77,0.57,6.68,,
"(2V08) (548GE) Vero Beach, FL","1,371","1,371",100.00%,0,0.00%,"1,371",0,0,0,0,0,0,0.01,0.02,0.00,,
"(2V08) (548GF) Okeechobee, FL",721,720,99.86%,1,0.14%,703,9,8,0,0,0,1,0.63,12.11,3.25,,
"(2V08) (548QA) Port Saint Lucie, FL",478,473,98.95%,5,1.05%,417,29,27,4,0,0,1,,6.30,5.22,,
"(2V08) (573) Gainesville, FL HCS","76,398","73,358",96.02%,"3,040",3.98%,"63,554","4,997","4,807","2,028",692,175,145,3.91,7.41,3.40,,
"(2V08) (573) Gainesville, FL (Malcom Randall)","20,842","19,929",95.62%,913,4.38%,"17,431","1,230","1,268",712,151,34,16,4.39,6.24,3.19,,
"(2V08) (573A4) Lake City, FL","8,226","8,084",98.27%,142,1.73%,"7,106",478,500,107,21,3,11,5.63,5.25,0.73,,
"(2V08) (573BY) Jacksonville 1, FL","9,900","8,928",90.18%,972,9.82%,"7,155",863,910,509,286,101,76,3.81,14.04,6.15,,
"(2V08) (573GA) Valdosta, GA","1,267","1,260",99.45%,7,0.55%,"1,202",27,31,5,1,0,1,1.53,4.41,0.48,,
"(2V08) (573GD) Ocala, FL","2,279","2,258",99.08%,21,0.92%,"2,004",150,104,20,1,0,0,2.17,5.89,4.42,,
"(2V08) (573GE) Saint Augustine, FL","2,092","2,041",97.56%,51,2.44%,"1,703",207,131,34,12,5,0,3.97,7.16,4.05,,
"(2V08) (573GF) Tallahassee, FL","7,115","6,940",97.54%,175,2.46%,"5,977",501,462,134,26,5,10,5.51,4.55,2.69,,
"(2V08) (573GG) Lecanto, FL","2,137","2,134",99.86%,3,0.14%,"2,043",57,34,3,0,0,0,1.33,0.73,0.83,,
"Completed Appointment Wait Times National, Facility, and Division Level Summaries.
Wait Time Measured from Preferred Date For the Reporting Period Ending:  December 2017",Total Completed Appointments 1,Completed within 30 Days 2,Percent Appts Complete d in 30 Days or Less 3,Completed in Over 30 Days 4,Percent Appts Complete d in Over 30 Days 5,"Completed 0-7 Days
6","Completed 8-14
Days 7","Completed 15-30
Days 8","Completed 31-60
Days 9","Completed 61-90
Days 10","Completed 91-120
Days 11","Completed in more than 120
Days 12",PC Avg Wait Time in Days 13,SC Avg Wait Time in Days 14,MH Avg Wait Time in Days 15,,
"(2V08) (573GI) The Villages, FL","7,368","6,916",93.87%,452,6.13%,"6,066",458,392,284,136,16,16,5.51,7.53,4.22,,
"(2V08) (573GJ) St. Marys, GA",940,934,99.36%,6,0.64%,774,91,69,4,2,0,0,4.60,6.03,2.97,,
"(2V08) (573GK) Marianna, FL","1,027","1,027",100.00%,0,0.00%,908,67,52,0,0,0,0,2.51,3.32,3.14,,
"(2V08) (573GL) Palatka, FL",918,910,99.13%,8,0.87%,795,60,55,1,6,1,0,2.63,2.50,4.65,,
"(2V08) (573GM) Waycross, GA",599,598,99.83%,1,0.17%,534,27,37,0,1,0,0,1.90,0.41,4.44,,
"(2V08) (573GN) Perry, FL",256,256,100.00%,0,0.00%,256,0,0,0,0,0,0,0.32,0.00,0.83,,
"(2V08) (573QA) Gainesville 1-16th Street, FL",995,995,100.00%,0,0.00%,995,0,0,0,0,0,0,,0.00,0.00,,
"(2V08) (573QB) Gainesville 2-98th Street, FL",469,458,97.65%,11,2.35%,431,14,13,8,0,0,3,,4.16,,,
"(2V08) (573QC) Gainesville 3-64th Street (C), FL","1,226","1,218",99.35%,8,0.65%,851,133,234,8,0,0,0,,5.16,8.65,,
"(2V08) (573QD) Gainesville 4-64th Street (O), FL",832,810,97.36%,22,2.64%,558,129,123,22,0,0,0,,6.65,,,
"(2V08) (573QE) Gainesville 5-64th Street (D), FL","1,004",986,98.21%,18,1.79%,850,64,72,17,1,0,0,,3.92,,,
"(2V08) (573QF) Gainesville 6-23rd Avenue, FL",99,94,94.95%,5,5.05%,89,0,5,3,2,0,0,,,0.00,,
"(2V08) (573QG) Jacksonville Southpoint, FL","4,088","3,913",95.72%,175,4.28%,"3,450",271,192,119,35,10,11,3.55,7.30,5.44,,
"(2V08) (573QH) Ocala West, FL",948,924,97.47%,24,2.53%,845,28,51,19,5,0,0,,3.14,,,
"(2V08) (573QJ) Jacksonville 2 University Boulevard, FL","1,771","1,745",98.53%,26,1.47%,"1,531",142,72,19,6,0,1,4.05,2.68,3.51,,
"(2V08) (672) San Juan, PR HCS","57,688","55,227",95.73%,"2,461",4.27%,"49,830","2,767","2,630",875,810,426,350,3.16,8.52,4.38,,
"(2V08) (672) San Juan, PR","41,933","39,822",94.97%,"2,111",5.03%,"35,388","2,150","2,284",771,643,376,321,3.76,9.51,5.05,,
"(2V08) (672B0) Ponce, PR (Euripides Rubio)","6,206","6,063",97.70%,143,2.30%,"5,748",237,78,33,75,26,9,1.68,5.18,3.47,,
"(2V08) (672BZ) Mayaguez, PR","6,751","6,647",98.46%,104,1.54%,"6,380",166,101,27,52,14,11,1.34,2.69,1.84,,
"(2V08) (672GA) Saint Croix, VI",136,136,100.00%,0,0.00%,132,0,4,0,0,0,0,0.02,17.00,2.25,,
"(2V08) (672GB) Saint Thomas, VI",184,182,98.91%,2,1.09%,178,3,1,2,0,0,0,0.86,11.38,6.00,,
"(2V08) (672GC) Arecibo, PR",909,835,91.86%,74,8.14%,662,86,87,29,34,9,2,9.52,,8.35,,
"(2V08) (672GD) Ceiba, PR",953,943,98.95%,10,1.05%,872,47,24,2,4,1,3,2.08,33.32,1.31,,
"(2V08) (672GE) Guayama, PR",447,431,96.42%,16,3.58%,327,64,40,10,2,0,4,7.24,0.00,5.48,,
"(2V08) (672QA) Comerio, PR",93,93,100.00%,0,0.00%,77,12,4,0,0,0,0,3.73,,,,
"(2V08) (672QB) Utuado, PR",61,60,98.36%,1,1.64%,51,2,7,1,0,0,0,3.97,,,,
"(2V08) (672QC) Vieques, PR",15,15,100.00%,0,0.00%,15,0,0,0,0,0,0,0.53,,,,
"(2V08) (673) Tampa, FL HCS","65,132","63,937",98.17%,"1,195",1.83%,"54,929","4,168","4,840","1,029",113,39,14,2.80,5.23,3.04,,
"(2V08) (673) Tampa, FL (James A.
Haley)","27,455","26,656",97.09%,799,2.91%,"22,385","1,666","2,605",725,58,6,10,3.15,5.98,0.62,,
"(2V08) (673BV) Tampa, FL - VADOM",5,5,100.00%,0,0.00%,5,0,0,0,0,0,0,,,,,
"(2V08) (673BZ) New Port Richey, FL","5,977","5,927",99.16%,50,0.84%,"5,245",415,267,47,1,2,0,2.15,4.08,3.21,,
"(2V08) (673GB) Lakeland, FL","1,613","1,593",98.76%,20,1.24%,"1,372",127,94,19,1,0,0,4.03,3.03,,,
"(2V08) (673GC) Brooksville, FL","2,534","2,526",99.68%,8,0.32%,"2,181",209,136,7,0,1,0,2.71,3.61,4.21,,
"(2V08) (673GF) Zephyrhills, FL",600,596,99.33%,4,0.67%,552,27,17,4,0,0,0,2.36,1.50,,,
"(2V08) (673QA) Forty Sixth Street North, FL","2,020","2,019",99.95%,1,0.05%,"1,612",132,275,1,0,0,0,,3.59,8.14,,
"(2V08) (673QB) Forty Sixth Street South, FL","9,989","9,947",99.58%,42,0.42%,"8,958",555,434,25,11,5,1,,3.26,1.91,,
"(2V08) (673QC) West Lakeland, FL","2,011","1,940",96.47%,71,3.53%,"1,346",250,344,48,18,5,0,,8.18,7.35,,
"(2V08) (673QD) Deer Park, FL",489,487,99.59%,2,0.41%,425,43,19,0,0,2,0,,3.00,,,
"(2V08) (673QE) Highway Nineteen, FL",468,463,98.93%,5,1.07%,319,108,36,5,0,0,0,,5.12,,,
"(2V08) (673QF) Winners Circle, FL","1,101","1,101",100.00%,0,0.00%,"1,101",0,0,0,0,0,0,,,,,
"(2V08) (673QG) Little Road, FL",502,500,99.60%,2,0.40%,437,32,31,2,0,0,0,,,4.23,,
"Completed Appointment Wait Times National, Facility, and Division Level Summaries.
Wait Time Measured from Preferred Date For the Reporting Period Ending:  December 2017",Total Completed Appointments 1,Completed within 30 Days 2,Percent Appts Complete d in 30 Days or Less 3,Completed in Over 30 Days 4,Percent Appts Complete d in Over 30 Days 5,"Completed 0-7 Days
6","Completed 8-14
Days 7","Completed 15-30
Days 8","Completed 31-60
Days 9","Completed 61-90
Days 10","Completed 91-120
Days 11","Completed in more than 120
Days 12",PC Avg Wait Time in Days 13,SC Avg Wait Time in Days 14,MH Avg Wait Time in Days 15,,
"(2V08) (673QH) Bruce B. Downs Boulevard, FL","2,895","2,853",98.55%,42,1.45%,"2,490",134,229,38,1,3,0,,5.92,,,
"(2V08) (673QI) Medical View Lane, FL",241,234,97.10%,7,2.90%,216,8,10,7,0,0,0,0.00,,3.35,,
"(2V08) (673QJ) Hidden River, FL","7,232","7,090",98.04%,142,1.96%,"6,285",462,343,101,23,15,3,2.82,5.54,1.58,,
"(2V08) (675) Orlando, FL HCS","78,527","76,149",96.97%,"2,378",3.03%,"66,937","4,283","4,929","1,805",346,153,74,2.70,6.34,3.45,,
"(2V08) (675) Orlando-Lake Nona, FL","33,361","31,933",95.72%,"1,428",4.28%,"27,294","2,184","2,455","1,093",221,85,29,4.68,6.52,4.82,,
"(2V08) (675BU) Orlando-Lake Nona, FL - VADOM",23,23,100.00%,0,0.00%,23,0,0,0,0,0,0,,,,,
"(2V08) (675GA) Viera, FL","16,038","15,702",97.90%,336,2.10%,"14,112",687,903,277,36,17,6,1.25,5.91,2.36,,
"(2V08) (675GB) Daytona Beach, FL (William V. Chappell, Jr.)","8,957","8,751",97.70%,206,2.30%,"7,847",425,479,119,41,22,24,2.54,5.87,2.21,,
"(2V08) (675GC) Kissimmee, FL","1,600","1,564",97.75%,36,2.25%,"1,318",101,145,32,2,1,1,4.61,0.00,6.48,,
"(2V08) (675GD) Orange City- Sanford, FL","1,242","1,230",99.03%,12,0.97%,"1,107",77,46,10,2,0,0,3.05,3.62,2.39,,
"(2V08) (675GE) Tavares, FL","1,605","1,581",98.50%,24,1.50%,"1,355",138,88,23,1,0,0,4.12,3.63,4.69,,
"(2V08) (675GF) Clermont, FL","1,031","1,015",98.45%,16,1.55%,919,61,35,11,0,1,4,4.51,0.65,3.37,,
"(2V08) (675GG) Lake Baldwin, FL","11,545","11,281",97.71%,264,2.29%,"10,153",472,656,191,38,25,10,1.92,6.94,3.29,,
"(2V08) (675QB) Port Orange, FL",6,6,100.00%,0,0.00%,6,0,0,0,0,0,0,,,,,
"(2V08) (675QC) Westside Pavilion, FL","1,630","1,601",98.22%,29,1.78%,"1,539",27,35,25,2,2,0,,0.00,2.17,,
"(2V08) (675QD) Crossroads, FL","1,489","1,462",98.19%,27,1.81%,"1,264",111,87,24,3,0,0,,4.28,3.74,,
"(2V09) (596) Lexington, KY HCS","23,765","23,038",96.94%,727,3.06%,"20,213","1,392","1,433",592,112,21,2,1.50,7.42,2.68,,
"(2V09) (596) Lexington-Leestown, KY","9,216","9,073",98.45%,143,1.55%,"8,189",498,386,111,22,9,1,1.96,5.82,2.73,,
"(2V09) (596A4) Lexington-Cooper, KY","10,679","10,157",95.11%,522,4.89%,"8,389",780,988,427,85,10,0,,8.25,0.68,,
"(2V09) (596BU) Lexington-Leestown, KY - VADOM",19,19,100.00%,0,0.00%,19,0,0,0,0,0,0,,,,,
"(2V09) (596GA) Somerset, KY","1,681","1,629",96.91%,52,3.09%,"1,532",63,34,44,5,2,1,1.35,5.37,5.30,,
"(2V09) (596GB) Morehead, KY",616,614,99.68%,2,0.32%,604,6,4,2,0,0,0,0.39,1.00,0.84,,
"(2V09) (596GC) Hazard, KY",504,504,100.00%,0,0.00%,482,18,4,0,0,0,0,1.39,0.00,0.14,,
"(2V09) (596GD) Berea, KY","1,050","1,042",99.24%,8,0.76%,998,27,17,8,0,0,0,0.74,3.67,0.82,,
"(2V09) (603) Louisville, KY HCS","28,728","28,563",99.43%,165,0.57%,"25,905","1,457","1,201",145,17,3,0,2.21,3.29,1.83,,
"(2V09) (603) Louisville, KY (Robley Rex)","15,312","15,196",99.24%,116,0.76%,"13,456",911,829,106,10,0,0,1.46,3.41,2.97,,
"(2V09) (603BU) Louisville, KY - VADOM",8,8,100.00%,0,0.00%,8,0,0,0,0,0,0,,,0.00,,
"(2V09) (603GA) Fort Knox, KY","1,525","1,522",99.80%,3,0.20%,"1,371",92,59,3,0,0,0,2.54,4.15,2.00,,
"(2V09) (603GB) New Albany, IN","2,057","2,040",99.17%,17,0.83%,"1,898",93,49,11,3,3,0,2.20,0.32,3.70,,
"(2V09) (603GC) Shively, KY","2,444","2,439",99.80%,5,0.20%,"2,243",106,90,3,2,0,0,2.50,1.17,1.56,,
"(2V09) (603GD) Dupont, KY","1,468","1,462",99.59%,6,0.41%,"1,420",19,23,4,2,0,0,1.25,0.00,0.70,,
"(2V09) (603GE) Newburg, KY","2,804","2,801",99.89%,3,0.11%,"2,597",140,64,3,0,0,0,2.27,3.26,1.63,,
"(2V09) (603GF) Grayson County, KY","1,425","1,418",99.51%,7,0.49%,"1,346",50,22,7,0,0,0,2.17,0.66,1.05,,
"(2V09) (603GG) Scott County, IN","1,010","1,002",99.21%,8,0.79%,913,36,53,8,0,0,0,2.45,3.27,2.51,,
"(2V09) (603GH) Carrollton, KY",607,607,100.00%,0,0.00%,590,8,9,0,0,0,0,0.83,1.29,0.00,,
(2V09) (603MA) IDES Fort Knox,68,68,100.00%,0,0.00%,63,2,3,0,0,0,0,,0.00,2.83,,
"(2V09) (614) Memphis, TN HCS","34,914","34,246",98.09%,668,1.91%,"31,951","1,177","1,118",470,103,36,59,2.00,5.01,1.25,,
"(2V09) (614) Memphis, TN","21,865","21,306",97.44%,559,2.56%,"19,637",766,903,386,86,34,53,1.65,5.36,0.52,,
"(2V09) (614GA) Tupelo, MS","1,273","1,271",99.84%,2,0.16%,"1,146",96,29,2,0,0,0,1.61,0.00,5.54,,
"(2V09) (614GB) Jonesboro, AR",804,802,99.75%,2,0.25%,777,17,8,1,0,0,1,1.15,0.15,4.74,,
"(2V09) (614GC) Holly Springs, MS",360,357,99.17%,3,0.83%,298,42,17,3,0,0,0,4.65,0.00,1.74,,
"Completed Appointment Wait Times National, Facility, and Division Level Summaries.
Wait Time Measured from Preferred Date For the Reporting Period Ending:  December 2017",Total Completed Appointments 1,Completed within 30 Days 2,Percent Appts Complete d in 30 Days or Less 3,Completed in Over 30 Days 4,Percent Appts Complete d in Over 30 Days 5,"Completed 0-7 Days
6","Completed 8-14
Days 7","Completed 15-30
Days 8","Completed 31-60
Days 9","Completed 61-90
Days 10","Completed 91-120
Days 11","Completed in more than 120
Days 12",PC Avg Wait Time in Days 13,SC Avg Wait Time in Days 14,MH Avg Wait Time in Days 15,,
"(2V09) (614GD) Savannah, TN",497,497,100.00%,0,0.00%,495,1,1,0,0,0,0,0.04,0.00,0.84,,
"(2V09) (614GE) Covington, TN","1,619","1,615",99.75%,4,0.25%,"1,557",38,20,2,1,0,1,1.21,0.00,1.27,,
"(2V09) (614GF) Nonconnah, TN","5,644","5,573",98.74%,71,1.26%,"5,347",131,95,56,11,0,4,2.38,2.23,0.44,,
"(2V09) (614GG) Jackson, TN","1,489","1,464",98.32%,25,1.68%,"1,388",37,39,19,5,1,0,2.35,6.99,0.19,,
"(2V09) (614GI) Dyersburg, TN",444,443,99.77%,1,0.23%,413,27,3,0,0,1,0,2.22,0.00,1.43,,
"(2V09) (614GN) Helena, AR",207,206,99.52%,1,0.48%,181,22,3,1,0,0,0,4.20,,2.13,,
"(2V09) (614QA) Union Avenue, TN",712,712,100.00%,0,0.00%,712,0,0,0,0,0,0,,,,,
"(2V09) (621) Mountain Home, TN HCS","32,618","31,589",96.85%,"1,029",3.15%,"28,379","1,559","1,651",785,175,55,14,3.75,5.87,2.34,,
"(2V09) (621) Mountain Home, TN (James H. Quillen)","22,001","21,185",96.29%,816,3.71%,"19,037","1,053","1,095",604,151,49,12,3.81,6.01,2.51,,
"(2V09) (621BU) Mountain Home, TN
- VADOM",68,68,100.00%,0,0.00%,68,0,0,0,0,0,0,0.00,,,,
"(2V09) (621BY) Knoxville, TN (William C. Tallent)","4,868","4,842",99.47%,26,0.53%,"4,607",157,78,24,0,0,2,1.94,1.26,0.95,,
"(2V09) (621GA) Rogersville, TN",357,351,98.32%,6,1.68%,341,6,4,3,2,1,0,2.30,0.00,2.64,,
"(2V09) (621GC) Norton, VA",775,765,98.71%,10,1.29%,589,47,129,10,0,0,0,6.83,0.00,0.91,,
"(2V09) (621GG) Morristown, TN",730,719,98.49%,11,1.51%,649,32,38,11,0,0,0,2.92,4.38,2.51,,
"(2V09) (621GI) Sevierville, TN","1,137","1,060",93.23%,77,6.77%,937,69,54,64,13,0,0,6.00,0.04,5.04,,
"(2V09) (621GJ) Bristol, VA",967,941,97.31%,26,2.69%,859,39,43,23,3,0,0,3.68,0.00,3.44,,
"(2V09) (621GK) Campbell County, TN",412,402,97.57%,10,2.43%,367,21,14,6,3,1,0,3.33,0.00,5.61,,
"(2V09) (621QA) Jonesville, VA",106,98,92.45%,8,7.55%,63,4,31,8,0,0,0,10.36,,,,
"(2V09) (621QB) Marion, VA",143,126,88.11%,17,11.89%,81,32,13,15,2,0,0,11.52,,,,
"(2V09) (621QC) Vansant, VA",49,49,100.00%,0,0.00%,34,4,11,0,0,0,0,7.27,,,,
"(2V09) (621QD) Knox County, TN",676,659,97.49%,17,2.51%,431,93,135,16,1,0,0,,8.00,5.78,,
"(2V09) (621QE) Downtown West, TN",329,324,98.48%,5,1.52%,316,2,6,1,0,4,0,,2.37,,,
(2V09) (626) Middle Tennessee HCS,"57,061","54,804",96.04%,"2,257",3.96%,"49,116","2,824","2,864","1,495",467,150,145,3.63,7.62,2.80,,
"(2V09) (626) Nashville, TN","22,530","21,487",95.37%,"1,043",4.63%,"19,182","1,153","1,152",625,252,83,83,5.77,7.38,2.94,,
"(2V09) (626A4) Murfreesboro, TN (Alvin C. York)","14,436","13,708",94.96%,728,5.04%,"12,394",613,701,462,164,53,49,1.64,9.94,1.40,,
"(2V09) (626GA) Dover, TN",233,231,99.14%,2,0.86%,205,13,13,2,0,0,0,3.18,0.00,4.51,,
"(2V09) (626GC) Bowling Green, KY","1,179","1,172",99.41%,7,0.59%,"1,141",18,13,6,1,0,0,0.75,0.20,2.82,,
"(2V09) (626GE) Clarksville, TN","3,417","3,310",96.87%,107,3.13%,"3,006",147,157,86,15,6,0,3.66,5.57,2.67,,
"(2V09) (626GF) Chattanooga, TN","5,077","4,862",95.77%,215,4.23%,"4,239",299,324,178,20,7,10,6.16,3.51,4.21,,
"(2V09) (626GG) Tullahoma, TN",298,297,99.66%,1,0.34%,282,8,7,0,0,0,1,1.27,1.39,3.92,,
"(2V09) (626GH) Cookeville, TN","1,073","1,071",99.81%,2,0.19%,"1,059",7,5,2,0,0,0,0.32,0.46,0.67,,
"(2V09) (626GJ) Hopkinsville, KY","1,589","1,558",98.05%,31,1.95%,"1,299",114,145,30,0,1,0,4.91,2.16,5.12,,
"(2V09) (626GK) McMinnville, TN",674,672,99.70%,2,0.30%,636,24,12,2,0,0,0,1.43,4.00,1.14,,
"(2V09) (626GL) Roane County, TN",250,250,100.00%,0,0.00%,208,29,13,0,0,0,0,2.98,4.00,4.63,,
"(2V09) (626GM) Maury County, TN",884,844,95.48%,40,4.52%,697,78,69,34,6,0,0,6.09,5.33,7.71,,
"(2V09) (626GN) Athens, TN",575,571,99.30%,4,0.70%,527,28,16,4,0,0,0,1.69,0.64,5.29,,
"(2V09) (626GO) International Plaza, TN","1,003",994,99.10%,9,0.90%,861,87,46,7,1,0,1,3.73,4.14,0.84,,
(2V09) (626MA) IDES Fort Campbell,142,142,100.00%,0,0.00%,142,0,0,0,0,0,0,,0.00,0.00,,
"(2V09) (626QA) Albion Street, TN",687,680,98.98%,7,1.02%,581,54,45,7,0,0,0,3.33,,0.10,,
"(2V09) (626QB) Charlotte Avenue, TN","1,284","1,266",98.60%,18,1.40%,"1,113",81,72,18,0,0,0,4.00,0.00,2.11,,
"(2V09) (626QC) Pointe Centre, TN","1,409","1,368",97.09%,41,2.91%,"1,224",70,74,32,8,0,1,,5.57,4.31,,
"(2V09) (626QD) Glenis Drive, TN",321,321,100.00%,0,0.00%,320,1,0,0,0,0,0,,,0.37,,
"Completed Appointment Wait Times National, Facility, and Division Level Summaries.
Wait Time Measured from Preferred Date For the Reporting Period Ending:  December 2017",Total Completed Appointments 1,Completed within 30 Days 2,Percent Appts Complete d in 30 Days or Less 3,Completed in Over 30 Days 4,Percent Appts Complete d in Over 30 Days 5,"Completed 0-7 Days
6","Completed 8-14
Days 7","Completed 15-30
Days 8","Completed 31-60
Days 9","Completed 61-90
Days 10","Completed 91-120
Days 11","Completed in more than 120
Days 12",PC Avg Wait Time in Days 13,SC Avg Wait Time in Days 14,MH Avg Wait Time in Days 15,,
"(3V10) (538) Chillicothe, OH HCS","14,909","14,110",94.64%,799,5.36%,"12,252",790,"1,068",636,93,46,24,2.50,10.13,3.95,,
"(3V10) (538) Chillicothe, OH","9,408","8,799",93.53%,609,6.47%,"7,448",562,789,465,80,43,21,3.18,10.36,3.25,,
"(3V10) (538GA) Athens, OH","1,030","1,008",97.86%,22,2.14%,900,51,57,15,7,0,0,3.08,5.33,5.84,,
"(3V10) (538GB) Portsmouth, OH","1,257","1,193",94.91%,64,5.09%,"1,074",43,76,63,1,0,0,1.14,16.26,2.31,,
"(3V10) (538GC) Marietta, OH",711,664,93.39%,47,6.61%,615,23,26,43,2,2,0,1.23,13.39,2.99,,
"(3V10) (538GD) Lancaster, OH","1,298","1,256",96.76%,42,3.24%,"1,105",74,77,40,2,0,0,2.99,4.92,6.40,,
"(3V10) (538GE) Cambridge, OH",829,823,99.28%,6,0.72%,766,26,31,2,0,1,3,1.11,6.51,4.25,,
"(3V10) (538GF) Wilmington, OH",376,367,97.61%,9,2.39%,344,11,12,8,1,0,0,2.73,19.20,4.41,,
"(3V10) (539) Cincinnati, OH HCS","30,970","29,805",96.24%,"1,165",3.76%,"27,123","1,270","1,412",834,232,62,37,3.37,6.29,0.90,,
"(3V10) (539) Cincinnati, OH","19,575","18,531",94.67%,"1,044",5.33%,"16,548",894,"1,089",730,226,60,28,4.37,8.06,0.85,,
"(3V10) (539A4) Fort Thomas, KY",691,689,99.71%,2,0.29%,635,29,25,2,0,0,0,,6.04,0.08,,
"(3V10) (539GA) Bellevue, KY","1,204","1,200",99.67%,4,0.33%,"1,135",40,25,3,1,0,0,2.99,0.58,1.11,,
"(3V10) (539GB) Clermont County, OH","2,622","2,549",97.22%,73,2.78%,"2,368",91,90,66,2,2,3,3.57,3.85,1.61,,
"(3V10) (539GC) Dearborn, IN","1,562","1,553",99.42%,9,0.58%,"1,482",37,34,5,0,0,4,1.72,2.65,1.12,,
"(3V10) (539GD) Florence, KY","1,730","1,722",99.54%,8,0.46%,"1,579",71,72,6,0,0,2,2.58,2.95,1.31,,
"(3V10) (539GE) Hamilton, OH","1,580","1,565",99.05%,15,0.95%,"1,506",20,39,13,2,0,0,0.97,2.84,0.35,,
"(3V10) (539GF) Georgetown, OH",547,543,99.27%,4,0.73%,499,24,20,4,0,0,0,3.80,0.80,7.00,,
"(3V10) (539QB) Highland Avenue, OH","1,459","1,453",99.59%,6,0.41%,"1,371",64,18,5,1,0,0,,1.86,,,
"(3V10) (541) Cleveland, OH HCS","75,189","71,338",94.88%,"3,851",5.12%,"60,897","4,789","5,652","3,149",477,104,121,4.10,8.37,3.58,,
"(3V10) (541) Cleveland, OH (Louis Stokes Cleveland)","30,687","28,737",93.65%,"1,950",6.35%,"23,448","2,289","3,000","1,635",206,38,71,7.45,9.12,4.22,,
"(3V10) (541BY) Canton, OH","5,338","5,086",95.28%,252,4.72%,"4,423",345,318,191,43,16,2,3.22,7.85,2.63,,
"(3V10) (541BZ) Youngstown, OH","4,866","4,754",97.70%,112,2.30%,"4,279",262,213,97,13,2,0,3.23,5.20,1.87,,
"(3V10) (541GB) Lorain, OH","2,966","2,880",97.10%,86,2.90%,"2,686",96,98,76,8,1,1,4.12,3.69,1.41,,
"(3V10) (541GC) Sandusky, OH","1,653","1,582",95.70%,71,4.30%,"1,422",79,81,63,1,7,0,4.32,6.38,2.36,,
"(3V10) (541GD) Mansfield, OH (David F. Winder)","3,999","3,903",97.60%,96,2.40%,"3,646",140,117,68,14,9,5,2.48,4.55,1.32,,
"(3V10) (541GE) McCafferty, OH",657,653,99.39%,4,0.61%,594,32,27,4,0,0,0,2.28,3.82,2.20,,
"(3V10) (541GF) Painesville, OH","1,477","1,395",94.45%,82,5.55%,"1,246",63,86,54,25,1,2,6.11,6.01,2.07,,
"(3V10) (541GG) Akron, OH","6,645","6,334",95.32%,311,4.68%,"5,330",472,532,274,35,2,0,3.24,7.08,6.67,,
"(3V10) (541GH) East Liverpool, OH","1,207","1,166",96.60%,41,3.40%,"1,076",51,39,18,15,6,2,2.29,9.61,3.88,,
"(3V10) (541GI) Warren, OH","1,735","1,652",95.22%,83,4.78%,"1,447",101,104,64,19,0,0,5.17,5.80,2.62,,
"(3V10) (541GJ) New Philadelphia, OH","1,485","1,453",97.85%,32,2.15%,"1,288",82,83,31,1,0,0,2.53,4.42,3.93,,
"(3V10) (541GK) Ravenna, OH","1,524","1,455",95.47%,69,4.53%,"1,313",57,85,57,9,3,0,2.55,6.24,5.81,,
"(3V10) (541GL) Parma, OH","8,723","8,198",93.98%,525,6.02%,"6,874",605,719,449,63,10,3,3.98,8.64,3.38,,
"(3V10) (541GM) Cleveland-Superior, OH",66,60,90.91%,6,9.09%,16,10,34,6,0,0,0,,,,,
"(3V10) (541GN) State Street, OH",924,863,93.40%,61,6.60%,692,69,102,55,6,0,0,,9.63,6.11,,
"(3V10) (541QB) Cleveland-Euclid, OH","1,082","1,081",99.91%,1,0.09%,"1,040",32,9,1,0,0,0,,,,,
"(3V10) (541QF) Cuyahoga County 4, OH - Mobile",155,86,55.48%,69,44.52%,77,4,5,6,19,9,35,,54.66,,,
"(3V10) (552) Dayton, OH HCS","26,394","25,184",95.42%,"1,210",4.58%,"22,395","1,415","1,374",852,292,38,28,2.32,8.33,2.05,,
"(3V10) (552) Dayton, OH","20,730","19,731",95.18%,999,4.82%,"17,472","1,112","1,147",687,258,30,24,2.65,8.03,1.94,,
"(3V10) (552GA) Middletown, OH","1,293","1,230",95.13%,63,4.87%,"1,083",97,50,56,5,2,0,1.84,10.14,2.56,,
"(3V10) (552GB) Lima, OH","1,687","1,615",95.73%,72,4.27%,"1,509",70,36,44,21,6,1,0.79,13.43,2.29,,
"(3V10) (552GC) Richmond, IN","1,531","1,503",98.17%,28,1.83%,"1,342",83,78,26,2,0,0,2.17,7.14,2.44,,
"Completed Appointment Wait Times National, Facility, and Division Level Summaries.
Wait Time Measured from Preferred Date For the Reporting Period Ending:  December 2017",Total Completed Appointments 1,Completed within 30 Days 2,Percent Appts Complete d in 30 Days or Less 3,Completed in Over 30 Days 4,Percent Appts Complete d in Over 30 Days 5,"Completed 0-7 Days
6","Completed 8-14
Days 7","Completed 15-30
Days 8","Completed 31-60
Days 9","Completed 61-90
Days 10","Completed 91-120
Days 11","Completed in more than 120
Days 12",PC Avg Wait Time in Days 13,SC Avg Wait Time in Days 14,MH Avg Wait Time in Days 15,,
"(3V10) (552GD) Springfield, OH","1,153","1,105",95.84%,48,4.16%,989,53,63,39,6,0,3,3.29,9.66,2.28,,
"(3V10) (757) Columbus, OH HCS","30,385","28,765",94.67%,"1,620",5.33%,"24,389","2,036","2,340","1,257",268,68,27,5.00,8.26,2.22,,
"(3V10) (757) Columbus, OH (Chalmers P. Wylie)","24,474","23,034",94.12%,"1,440",5.88%,"19,402","1,644","1,988","1,106",243,65,26,4.91,8.39,1.68,,
"(3V10) (757GA) Zanesville, OH","1,147","1,065",92.85%,82,7.15%,889,78,98,64,16,1,1,9.10,7.08,1.44,,
"(3V10) (757GB) Grove City, OH","1,160","1,153",99.40%,7,0.60%,"1,088",52,13,7,0,0,0,1.52,2.12,2.48,,
"(3V10) (757GC) Marion, OH",988,968,97.98%,20,2.02%,870,57,41,20,0,0,0,2.68,5.03,4.58,,
"(3V10) (757GD) Newark, OH","1,418","1,357",95.70%,61,4.30%,"1,046",156,155,50,9,2,0,5.84,9.34,6.85,,
"(3V10) (757QC) Columbus-Airport Drive, OH","1,198","1,188",99.17%,10,0.83%,"1,094",49,45,10,0,0,0,,,2.06,,
"(3V10) (506) Ann Arbor, MI HCS","31,740","30,267",95.36%,"1,473",4.64%,"27,376","1,377","1,514",998,279,125,71,3.80,7.55,2.83,,
"(3V10) (506) Ann Arbor, MI","21,569","20,621",95.60%,948,4.40%,"18,976",814,831,651,180,74,43,2.81,7.44,2.97,,
"(3V10) (506GA) Toledo, OH","6,168","5,760",93.39%,408,6.61%,"5,033",283,444,286,70,40,12,5.10,10.80,2.20,,
"(3V10) (506GB) Flint, MI","1,112","1,097",98.65%,15,1.35%,951,71,75,14,1,0,0,3.63,1.26,4.01,,
"(3V10) (506GC) Jackson Center, MI","1,198","1,181",98.58%,17,1.42%,968,122,91,16,0,1,0,4.71,3.63,2.55,,
"(3V10) (506QA) Ann Arbor-Packard Road, MI (Packard Road)","1,174","1,158",98.64%,16,1.36%,"1,056",51,51,16,0,0,0,,2.27,,,
"(3V10) (506QB) Green Road, MI",519,450,86.71%,69,13.29%,392,36,22,15,28,10,16,,3.37,,,
"(3V10) (515) Battle Creek, MI HCS","21,260","20,348",95.71%,912,4.29%,"16,873","1,658","1,817",680,130,86,16,4.10,7.95,3.74,,
"(3V10) (515) Battle Creek, MI","9,295","8,876",95.49%,419,4.51%,"7,183",727,966,334,54,23,8,5.34,7.83,3.82,,
"(3V10) (515BU) Battle Creek, MI - VADOM",63,49,77.78%,14,22.22%,36,8,5,13,1,0,0,,,,,
"(3V10) (515BY) Wyoming, MI","8,260","7,824",94.72%,436,5.28%,"6,356",744,724,290,75,63,8,4.79,8.47,3.74,,
"(3V10) (515GA) Muskegon, MI","1,347","1,341",99.55%,6,0.45%,"1,266",48,27,6,0,0,0,1.98,1.11,2.09,,
"(3V10) (515GB) Lansing South, MI","1,398","1,375",98.35%,23,1.65%,"1,240",77,58,23,0,0,0,1.66,1.71,5.52,,
"(3V10) (515GC) Benton Harbor, MI",829,815,98.31%,14,1.69%,730,49,36,14,0,0,0,3.95,3.39,1.87,,
"(3V10) (515QA) Lansing North, MI",35,35,100.00%,0,0.00%,31,4,0,0,0,0,0,1.63,,,,
"(3V10) (515QB) Century Avenue, MI",33,33,100.00%,0,0.00%,31,1,1,0,0,0,0,2.12,,,,
"(3V10) (553) Detroit, MI HCS","25,582","24,462",95.62%,"1,120",4.38%,"21,360","1,388","1,714",911,126,45,38,3.83,6.27,1.86,,
"(3V10) (553) Detroit, MI (John D. Dingell)","23,709","22,625",95.43%,"1,084",4.57%,"19,693","1,296","1,636",885,124,40,35,4.27,6.28,1.85,,
"(3V10) (553GA) Yale, MI",868,859,98.96%,9,1.04%,820,20,19,7,0,1,1,1.45,,0.39,,
"(3V10) (553GB) Pontiac, MI",933,907,97.21%,26,2.79%,779,71,57,18,2,4,2,4.53,6.06,4.22,,
"(3V10) (553QA) Piquette Street, MI",72,71,98.61%,1,1.39%,68,1,2,1,0,0,0,0.16,,,,
"(3V10) (583) Indianapolis, IN HCS","39,050","37,726",96.61%,"1,324",3.39%,"33,451","1,917","2,358","1,075",200,40,9,3.04,4.24,4.82,,
"(3V10) (583) Indianapolis, IN (Richard L. Roudebush)","33,244","32,053",96.42%,"1,191",3.58%,"28,242","1,676","2,135",958,185,39,9,4.05,4.16,5.09,,
"(3V10) (583GA) Terre Haute, IN","1,026","1,025",99.90%,1,0.10%,996,15,14,0,0,1,0,0.09,4.08,,,
"(3V10) (583GB) Bloomington, IN",942,928,98.51%,14,1.49%,850,43,35,13,1,0,0,1.57,3.30,5.18,,
"(3V10) (583GC) Martinsville, IN",650,642,98.77%,8,1.23%,612,19,11,8,0,0,0,0.69,1.91,2.29,,
"(3V10) (583GD) Indianapolis West, IN","1,154","1,108",96.01%,46,3.99%,"1,023",41,44,36,10,0,0,1.23,13.36,0.62,,
"(3V10) (583GE) West Lafayette, IN",649,631,97.23%,18,2.77%,584,24,23,18,0,0,0,2.25,0.00,3.36,,
"(3V10) (583GF) Camp Atterbury, IN (Wakeman)",724,689,95.17%,35,4.83%,588,42,59,32,3,0,0,5.31,4.67,11.88,,
"(3V10) (583QA) Monroe County, IN",270,269,99.63%,1,0.37%,249,14,6,1,0,0,0,,,2.02,,
"(3V10) (583QB) Indianapolis- Meridian Street, IN",20,20,100.00%,0,0.00%,20,0,0,0,0,0,0,,,,,
"(3V10) (583QC) Vigo County, IN",371,361,97.30%,10,2.70%,287,43,31,9,1,0,0,,,5.15,,
(3V10) (610) Northern Indiana HCS,"26,712","25,330",94.83%,"1,382",5.17%,"22,013","1,573","1,744",928,249,155,50,5.57,9.69,3.06,,
"(3V10) (610) Marion, IN","6,810","6,615",97.14%,195,2.86%,"5,743",404,468,146,29,18,2,3.55,7.26,2.69,,
"Completed Appointment Wait Times National, Facility, and Division Level Summaries.
Wait Time Measured from Preferred Date For the Reporting Period Ending:  December 2017",Total Completed Appointments 1,Completed within 30 Days 2,Percent Appts Complete d in 30 Days or Less 3,Completed in Over 30 Days 4,Percent Appts Complete d in Over 30 Days 5,"Completed 0-7 Days
6","Completed 8-14
Days 7","Completed 15-30
Days 8","Completed 31-60
Days 9","Completed 61-90
Days 10","Completed 91-120
Days 11","Completed in more than 120
Days 12",PC Avg Wait Time in Days 13,SC Avg Wait Time in Days 14,MH Avg Wait Time in Days 15,,
"(3V10) (610A4) Fort Wayne, IN","10,483","9,633",91.89%,850,8.11%,"8,181",628,824,538,153,120,39,6.74,11.09,1.81,,
"(3V10) (610BU) Marion, IN - VADOM",35,34,97.14%,1,2.86%,23,8,3,1,0,0,0,,,,,
"(3V10) (610BY) St. Joseph County, IN","3,610","3,464",95.96%,146,4.04%,"3,016",239,209,115,25,4,2,4.51,7.59,1.37,,
"(3V10) (610GB) Muncie, IN","1,423","1,380",96.98%,43,3.02%,"1,228",85,67,40,2,1,0,3.68,5.91,5.25,,
"(3V10) (610GC) Goshen, IN","1,037",984,94.89%,53,5.11%,897,60,27,36,13,2,2,6.27,6.25,1.05,,
"(3V10) (610GD) Peru, IN",833,777,93.28%,56,6.72%,695,43,39,23,20,9,4,10.32,10.25,3.61,,
"(3V10) (610QA) Fort Wayne-East State Boulevard, IN","2,206","2,168",98.28%,38,1.72%,"1,955",106,107,29,7,1,1,,18.76,3.91,,
"(3V10) (610QB) Columbia Place, IN",275,275,100.00%,0,0.00%,275,0,0,0,0,0,0,,,,,
"(3V10) (655) Saginaw, MI HCS","20,692","19,684",95.13%,"1,008",4.87%,"16,983","1,219","1,482",799,124,58,27,4.03,7.23,2.58,,
"(3V10) (655) Saginaw, MI (Aleda E. Lutz)","11,472","10,667",92.98%,805,7.02%,"9,021",700,946,633,101,46,25,4.68,8.29,0.13,,
"(3V10) (655GA) Gaylord, MI",851,827,97.18%,24,2.82%,744,42,41,16,4,3,1,3.74,1.56,1.25,,
"(3V10) (655GB) Traverse City, MI (Colonel Demas T. Craw)",686,650,94.75%,36,5.25%,546,52,52,30,4,2,0,3.50,8.50,1.55,,
"(3V10) (655GC) Oscoda, MI",473,458,96.83%,15,3.17%,406,27,25,14,1,0,0,1.83,1.16,3.39,,
"(3V10) (655GD) Alpena, MI
(Lieutenant Colonel Clement C. Van Wagoner)",776,752,96.91%,24,3.09%,643,57,52,15,3,6,0,4.15,4.36,3.06,,
"(3V10) (655GE) Clare, MI","1,399","1,378",98.50%,21,1.50%,"1,186",99,93,17,4,0,0,2.67,2.61,5.55,,
"(3V10) (655GF) Bad Axe, MI",621,604,97.26%,17,2.74%,553,27,24,16,0,0,1,3.92,2.45,2.19,,
"(3V10) (655GG) Cadillac, MI","1,025",989,96.49%,36,3.51%,864,46,79,31,4,1,0,4.58,4.25,3.39,,
"(3V10) (655GH) Cheboygan County, MI",494,489,98.99%,5,1.01%,428,34,27,5,0,0,0,2.91,4.23,2.11,,
"(3V10) (655GI) Grayling, MI",451,443,98.23%,8,1.77%,379,34,30,8,0,0,0,4.00,2.97,3.33,,
"(3V10) (655QA) Saginaw-Barnard Road, MI","1,938","1,933",99.74%,5,0.26%,"1,782",67,84,5,0,0,0,,0.11,2.40,,
"(3V10) (655QB) Grand Traverse, MI",506,494,97.63%,12,2.37%,431,34,29,9,3,0,0,,6.26,2.02,,
"(3V12) (550) Danville, IL HCS","16,090","15,479",96.20%,611,3.80%,"14,114",618,747,421,121,62,7,3.13,6.87,2.54,,
"(3V12) (550) Danville, IL","9,089","8,867",97.56%,222,2.44%,"8,205",310,352,177,40,4,1,1.28,5.28,0.41,,
"(3V12) (550BY) Peoria, IL (Bob
Michel)","4,066","3,745",92.11%,321,7.89%,"3,225",232,288,179,80,56,6,4.18,12.67,8.01,,
"(3V12) (550GA) Decatur, IL","1,206","1,176",97.51%,30,2.49%,"1,074",42,60,29,1,0,0,3.78,3.49,1.42,,
"(3V12) (550GD) Springfield, IL","1,243","1,205",96.94%,38,3.06%,"1,154",20,31,36,0,2,0,4.53,1.61,0.32,,
"(3V12) (550GF) Charleston, IL",486,486,100.00%,0,0.00%,456,14,16,0,0,0,0,1.72,1.42,1.48,,
"(3V12) (537) Chicago, IL HCS","33,953","32,679",96.25%,"1,274",3.75%,"28,524","1,940","2,215",940,251,65,18,4.13,6.66,2.58,,
"(3V12) (537) Chicago, IL (Jesse Brown)","26,357","25,358",96.21%,999,3.79%,"22,178","1,468","1,712",699,218,64,18,5.22,6.23,1.75,,
"(3V12) (537BY) Crown Point, IN (Adam Benjamin Jr.)","5,307","5,043",95.03%,264,4.97%,"4,378",310,355,230,33,1,0,2.79,10.11,4.35,,
"(3V12) (537GA) Chicago Heights, IL",669,666,99.55%,3,0.45%,616,29,21,3,0,0,0,1.95,0.00,1.08,,
"(3V12) (537GD) Lakeside, IL","1,021","1,015",99.41%,6,0.59%,836,97,82,6,0,0,0,4.22,0.00,4.48,,
"(3V12) (537HA) Auburn Gresham, IL",599,597,99.67%,2,0.33%,516,36,45,2,0,0,0,3.24,,4.38,,
"(3V12) (556) North Chicago, IL HCS","23,236","23,055",99.22%,181,0.78%,"21,618",928,509,145,19,16,1,1.59,2.80,1.49,,
"(3V12) (556) North Chicago, IL (Captain James A. Lovell)","20,461","20,283",99.13%,178,0.87%,"19,048",790,445,143,18,16,1,1.47,2.78,1.30,,
"(3V12) (556GA) Evanston, IL",461,461,100.00%,0,0.00%,432,19,10,0,0,0,0,0.55,7.78,1.14,,
"(3V12) (556GC) McHenry, IL","1,416","1,414",99.86%,2,0.14%,"1,304",83,27,2,0,0,0,2.02,2.58,2.75,,
"(3V12) (556GD) Kenosha, WI",898,897,99.89%,1,0.11%,834,36,27,0,1,0,0,2.14,2.79,1.51,,
"(3V12) (578) Hines, IL HCS","42,598","41,411",97.21%,"1,187",2.79%,"37,138","1,932","2,341",924,197,54,12,4.63,5.01,1.62,,
"(3V12) (578) Hines, IL (Edward Hines Junior)","33,205","32,229",97.06%,976,2.94%,"29,096","1,397","1,736",754,167,47,8,5.76,4.89,1.45,,
"Completed Appointment Wait Times National, Facility, and Division Level Summaries.
Wait Time Measured from Preferred Date For the Reporting Period Ending:  December 2017",Total Completed Appointments 1,Completed within 30 Days 2,Percent Appts Complete d in 30 Days or Less 3,Completed in Over 30 Days 4,Percent Appts Complete d in Over 30 Days 5,"Completed 0-7 Days
6","Completed 8-14
Days 7","Completed 15-30
Days 8","Completed 31-60
Days 9","Completed 61-90
Days 10","Completed 91-120
Days 11","Completed in more than 120
Days 12",PC Avg Wait Time in Days 13,SC Avg Wait Time in Days 14,MH Avg Wait Time in Days 15,,
"(3V12) (578GA) Joliet, IL","3,764","3,640",96.71%,124,3.29%,"3,007",285,348,96,17,7,4,5.63,6.46,2.06,,
"(3V12) (578GC) Kankakee County, IL",954,917,96.12%,37,3.88%,721,95,101,33,4,0,0,6.42,5.76,5.19,,
"(3V12) (578GD) Aurora, IL","1,371","1,351",98.54%,20,1.46%,"1,282",38,31,12,8,0,0,2.19,2.53,1.45,,
"(3V12) (578GE) Hoffman Estates, IL","1,035","1,023",98.84%,12,1.16%,933,46,44,12,0,0,0,2.80,9.61,1.60,,
"(3V12) (578GF) LaSalle, IL",937,926,98.83%,11,1.17%,855,36,35,11,0,0,0,1.30,4.73,1.35,,
"(3V12) (578GG) Oak Lawn, IL","1,332","1,325",99.47%,7,0.53%,"1,244",35,46,6,1,0,0,1.81,3.24,0.92,,
"(3V12) (585) Iron Mountain, MI HCS","9,569","9,311",97.30%,258,2.70%,"7,982",636,693,226,31,1,0,3.71,6.02,2.16,,
"(3V12) (585) Iron Mountain, MI (Oscar G. Johnson)","6,121","5,906",96.49%,215,3.51%,"4,897",455,554,194,20,1,0,6.20,6.38,1.39,,
"(3V12) (585GA) Hancock, MI",468,466,99.57%,2,0.43%,445,15,6,2,0,0,0,1.21,1.13,0.55,,
"(3V12) (585GB) Rhinelander, WI",868,858,98.85%,10,1.15%,722,81,55,9,1,0,0,4.33,2.18,4.39,,
"(3V12) (585GC) Menominee, MI",405,397,98.02%,8,1.98%,362,17,18,7,1,0,0,3.71,5.06,0.69,,
"(3V12) (585GD) Ironwood, MI",284,283,99.65%,1,0.35%,270,8,5,1,0,0,0,0.83,3.53,2.51,,
"(3V12) (585GF) Manistique, MI",228,224,98.25%,4,1.75%,211,4,9,3,1,0,0,2.35,2.33,2.07,,
"(3V12) (585HA) Marquette, MI",744,730,98.12%,14,1.88%,661,38,31,7,7,0,0,1.98,8.34,4.92,,
"(3V12) (585HB) Sault Saint Marie, MI",451,447,99.11%,4,0.89%,414,18,15,3,1,0,0,1.58,1.52,3.14,,
"(3V12) (607) Madison, WI HCS","23,176","21,808",94.10%,"1,368",5.90%,"18,557","1,484","1,767",951,290,88,39,5.25,10.99,1.88,,
"(3V12) (607) Madison, WI (William S. Middleton)","14,803","13,631",92.08%,"1,172",7.92%,"11,229","1,038","1,364",789,274,81,28,7.76,11.78,2.26,,
"(3V12) (607GC) Janesville, WI",964,939,97.41%,25,2.59%,844,59,36,24,1,0,0,6.30,1.44,0.49,,
"(3V12) (607GD) Baraboo, WI",596,589,98.83%,7,1.17%,533,16,40,7,0,0,0,3.63,4.38,0.40,,
"(3V12) (607GE) Beaver Dam, WI",696,692,99.43%,4,0.57%,672,12,8,4,0,0,0,1.66,1.34,0.23,,
"(3V12) (607GF) Freeport, IL",546,544,99.63%,2,0.37%,494,31,19,2,0,0,0,3.24,0.86,0.18,,
"(3V12) (607GG) Madison West, WI","2,150","2,111",98.19%,39,1.81%,"1,823",147,141,37,1,1,0,4.89,2.57,2.04,,
"(3V12) (607HA) Rockford, IL","3,421","3,302",96.52%,119,3.48%,"2,962",181,159,88,14,6,11,6.16,6.77,1.52,,
"(3V12) (676) Tomah, WI HCS","13,541","13,141",97.05%,400,2.95%,"11,785",664,692,297,63,22,18,4.03,8.97,1.92,,
"(3V12) (676) Tomah, WI","8,314","8,047",96.79%,267,3.21%,"7,283",376,388,187,52,17,11,3.13,9.58,0.81,,
"(3V12) (676GA) Wausau, WI","1,402","1,376",98.15%,26,1.85%,"1,223",79,74,18,3,2,3,5.26,0.00,2.86,,
"(3V12) (676GC) River Valley, WI","1,870","1,837",98.24%,33,1.76%,"1,604",112,121,30,2,0,1,3.93,8.61,3.21,,
"(3V12) (676GD) Wisconsin Rapids, WI","1,691","1,622",95.92%,69,4.08%,"1,451",78,93,57,6,3,3,4.22,7.74,1.45,,
"(3V12) (676GE) Clark County, WI",264,259,98.11%,5,1.89%,224,19,16,5,0,0,0,5.59,0.00,1.69,,
"(3V12) (695) Milwaukee, WI HCS","46,395","44,931",96.84%,"1,464",3.16%,"39,329","2,731","2,871","1,139",242,53,30,4.77,5.58,2.35,,
"(3V12) (695) Milwaukee, WI (Clement J. Zablocki)","31,879","30,990",97.21%,889,2.79%,"27,380","1,814","1,796",673,159,31,26,3.40,5.64,1.48,,
"(3V12) (695BU) Milwaukee, WI - VADOM",107,107,100.00%,0,0.00%,105,0,2,0,0,0,0,,,,,
"(3V12) (695BY) Appleton, WI (John H. Bradley)","4,873","4,714",96.74%,159,3.26%,"4,083",249,382,144,11,1,3,4.40,5.96,4.32,,
"(3V12) (695GA) Union Grove, WI",775,763,98.45%,12,1.55%,705,35,23,11,1,0,0,2.98,3.55,0.33,,
"(3V12) (695GC) Cleveland, WI",974,956,98.15%,18,1.85%,814,77,65,16,2,0,0,5.16,4.50,4.20,,
"(3V12) (695GD) Green Bay, WI (Milo C. Huempfner)","7,620","7,234",94.93%,386,5.07%,"6,075",556,603,295,69,21,1,8.92,5.21,4.49,,
"(3V12) (695QA) Milwaukee-MLK Drive, WI",167,167,100.00%,0,0.00%,167,0,0,0,0,0,0,,,,,
"(3V15) (589A4) Columbia, MO HCS","22,826","21,207",92.91%,"1,619",7.09%,"18,024","1,587","1,596",997,351,154,117,4.98,11.64,4.68,,
"(3V15) (589A4) Columbia, MO (Harry S. Truman)","17,332","15,917",91.84%,"1,415",8.16%,"13,339","1,238","1,340",862,298,141,114,5.47,12.30,5.49,,
"(3V15) (589BX) Columbia, MO - VADOM",42,42,100.00%,0,0.00%,42,0,0,0,0,0,0,,,,,
"(3V15) (589G8) Jefferson City, MO","1,180","1,122",95.08%,58,4.92%,990,88,44,38,13,6,1,3.59,8.41,3.57,,
"Completed Appointment Wait Times National, Facility, and Division Level Summaries.
Wait Time Measured from Preferred Date For the Reporting Period Ending:  December 2017",Total Completed Appointments 1,Completed within 30 Days 2,Percent Appts Complete d in 30 Days or Less 3,Completed in Over 30 Days 4,Percent Appts Complete d in Over 30 Days 5,"Completed 0-7 Days
6","Completed 8-14
Days 7","Completed 15-30
Days 8","Completed 31-60
Days 9","Completed 61-90
Days 10","Completed 91-120
Days 11","Completed in more than 120
Days 12",PC Avg Wait Time in Days 13,SC Avg Wait Time in Days 14,MH Avg Wait Time in Days 15,,
"(3V15) (589GE) Kirksville, MO",441,441,100.00%,0,0.00%,409,21,11,0,0,0,0,1.84,6.73,0.37,,
"(3V15) (589GF) Fort Leonard Wood, MO","1,132","1,113",98.32%,19,1.68%,955,97,61,18,1,0,0,2.05,5.27,3.94,,
"(3V15) (589GH) Lake of the Ozarks, MO",674,668,99.11%,6,0.89%,632,15,21,6,0,0,0,1.91,0.50,2.12,,
"(3V15) (589GX) Mexico, MO",363,356,98.07%,7,1.93%,328,19,9,7,0,0,0,3.77,0.00,1.20,,
"(3V15) (589GY) St. James, MO",561,540,96.26%,21,3.74%,424,54,62,11,10,0,0,6.46,0.00,5.91,,
"(3V15) (589JA) Sedalia, MO",547,483,88.30%,64,11.70%,432,29,22,28,28,6,2,12.54,4.00,4.15,,
"(3V15) (589JD) Marshfield, MO",552,523,94.75%,29,5.25%,471,26,26,27,1,1,0,5.19,5.79,3.20,,
(3V15) (589ME) IDES Fort Leonard Wood,2,2,100.00%,0,0.00%,2,0,0,0,0,0,0,,0.00,,,
"(3V15) (589) Kansas City, MO HCS","27,647","27,326",98.84%,321,1.16%,"25,095","1,134","1,097",249,58,11,3,1.38,3.44,1.86,,
"(3V15) (589) Kansas City, MO","20,457","20,146",98.48%,311,1.52%,"18,266",916,964,243,56,11,1,1.74,3.68,1.49,,
"(3V15) (589G1) Warrensburg, MO","1,037","1,037",100.00%,0,0.00%,981,40,16,0,0,0,0,1.21,1.54,1.89,,
"(3V15) (589GB) Belton, MO",447,443,99.11%,4,0.89%,442,1,0,3,0,0,1,0.17,25.00,0.00,,
"(3V15) (589GC) Paola, KS",331,331,100.00%,0,0.00%,313,9,9,0,0,0,0,1.73,,0.80,,
"(3V15) (589GD) Nevada, MO",581,580,99.83%,1,0.17%,569,6,5,0,0,0,1,1.00,0.00,0.70,,
"(3V15) (589GZ) Cameron, MO",183,183,100.00%,0,0.00%,183,0,0,0,0,0,0,0.07,0.00,0.00,,
"(3V15) (589HK) Kansas City, MO -
Mobile",81,81,100.00%,0,0.00%,81,0,0,0,0,0,0,0.05,,,,
"(3V15) (589JB) Excelsior Springs, MO",599,599,100.00%,0,0.00%,546,34,19,0,0,0,0,3.07,0.00,0.56,,
"(3V15) (589JF) Honor, MO","3,274","3,269",99.85%,5,0.15%,"3,064",126,79,3,2,0,0,1.21,1.05,2.90,,
(3V15) (589MC) IDES Whiteman AFB,15,15,100.00%,0,0.00%,15,0,0,0,0,0,0,,0.00,0.00,,
"(3V15) (589QA) Overland Park, KS",642,642,100.00%,0,0.00%,635,2,5,0,0,0,0,0.97,0.07,,,
(3V15) (589A5) Eastern Kansas HCS,"24,628","23,406",95.04%,"1,222",4.96%,"20,783","1,084","1,539",886,213,60,63,5.25,9.36,4.20,,
"(3V15) (589A5) Topeka, KS
(Colmery-ONeil)","10,887","10,463",96.11%,424,3.89%,"9,144",548,771,329,53,19,23,5.44,7.70,3.23,,
"(3V15) (589A6) Leavenworth, KS (Dwight D. Eisenhower)","9,146","8,435",92.23%,711,7.77%,"7,523",393,519,487,152,36,36,6.07,11.39,4.83,,
"(3V15) (589BU) Leavenworth, KS - VADOM","1,808","1,808",100.00%,0,0.00%,"1,795",10,3,0,0,0,0,,0.00,0.86,,
(3V15) (589G9) Ft. Riley,25,21,84.00%,4,16.00%,0,0,21,4,0,0,0,,23.84,,,
"(3V15) (589GI) St. Joseph, MO",719,716,99.58%,3,0.42%,677,24,15,2,0,1,0,1.31,1.92,1.78,,
"(3V15) (589GJ) Wyandotte County City, KS",307,300,97.72%,7,2.28%,280,12,8,5,0,1,1,6.38,0.00,0.72,,
"(3V15) (589GM) Chanute, KS",81,73,90.12%,8,9.88%,53,4,16,7,0,0,1,14.28,,1.50,,
"(3V15) (589GN) Emporia, KS",48,48,100.00%,0,0.00%,39,6,3,0,0,0,0,3.03,,6.00,,
"(3V15) (589GP) Garnett, KS",35,34,97.14%,1,2.86%,30,1,3,1,0,0,0,4.63,,5.40,,
"(3V15) (589GR) Junction City, KS (Lieutenant General Richard J. Seitz- Based)",899,867,96.44%,32,3.56%,741,58,68,26,4,2,0,2.07,3.27,10.70,,
"(3V15) (589GU) Lawrence, KS",211,200,94.79%,11,5.21%,186,7,7,9,2,0,0,4.07,,4.21,,
"(3V15) (589GV) Fort Scott, KS",189,180,95.24%,9,4.76%,147,14,19,7,1,0,1,7.69,0.00,5.62,,
"(3V15) (589JE) Platte City, MO",149,144,96.64%,5,3.36%,133,6,5,2,1,1,1,7.65,0.00,0.00,,
(3V15) (589MA) Ft. Riley DES Clinic,92,85,92.39%,7,7.61%,4,1,80,7,0,0,0,,22.37,21.43,,
"(3V15) (589MD) IDES Fort
Leavenworth",32,32,100.00%,0,0.00%,31,0,1,0,0,0,0,,0.86,0.00,,
"(3V15) (589A7) Wichita, KS HCS","15,137","14,474",95.62%,663,4.38%,"12,932",713,829,454,124,54,31,3.66,7.85,2.77,,
"(3V15) (589A7) Wichita, KS (Robert J. Dole)","12,318","11,745",95.35%,573,4.65%,"10,503",551,691,396,101,52,24,2.38,8.56,3.11,,
"(3V15) (589G2) Dodge City, KS",233,233,100.00%,0,0.00%,229,2,2,0,0,0,0,0.40,1.49,0.22,,
"(3V15) (589G3) Liberal, KS",49,49,100.00%,0,0.00%,46,2,1,0,0,0,0,1.00,0.00,4.13,,
"Completed Appointment Wait Times National, Facility, and Division Level Summaries.
Wait Time Measured from Preferred Date For the Reporting Period Ending:  December 2017",Total Completed Appointments 1,Completed within 30 Days 2,Percent Appts Complete d in 30 Days or Less 3,Completed in Over 30 Days 4,Percent Appts Complete d in Over 30 Days 5,"Completed 0-7 Days
6","Completed 8-14
Days 7","Completed 15-30
Days 8","Completed 31-60
Days 9","Completed 61-90
Days 10","Completed 91-120
Days 11","Completed in more than 120
Days 12",PC Avg Wait Time in Days 13,SC Avg Wait Time in Days 14,MH Avg Wait Time in Days 15,,
"(3V15) (589G4) Hays, KS",311,310,99.68%,1,0.32%,291,17,2,0,0,0,1,2.77,1.97,0.04,,
"(3V15) (589G5) Parsons, KS",324,305,94.14%,19,5.86%,267,14,24,18,1,0,0,8.59,1.37,0.88,,
"(3V15) (589G7) Hutchinson, KS",428,396,92.52%,32,7.48%,350,24,22,20,9,1,2,10.76,1.00,1.51,,
"(3V15) (589GW) Salina, KS",644,629,97.67%,15,2.33%,585,25,19,8,4,0,3,5.03,3.39,2.67,,
(3V15) (589MB) IDES McConnel AFB,3,3,100.00%,0,0.00%,3,0,0,0,0,0,0,,0.00,0.00,,
"(3V15) (589QB) Sedgwick County, KS",28,28,100.00%,0,0.00%,28,0,0,0,0,0,0,,,,,
"(3V15) (589QC) South Parklane, KS",799,776,97.12%,23,2.88%,630,78,68,12,9,1,1,,5.81,,,
"(3V15) (657A5) Marion, IL HCS","19,838","19,088",96.22%,750,3.78%,"16,655","1,288","1,145",561,159,23,7,2.91,7.29,4.04,,
"(3V15) (657A5) Marion, IL","8,224","7,912",96.21%,312,3.79%,"6,833",561,518,277,27,6,2,4.93,6.01,2.71,,
"(3V15) (657GJ) Evansville, IN","5,457","5,112",93.68%,345,6.32%,"4,276",400,436,217,110,17,1,3.44,9.41,6.05,,
"(3V15) (657GK) Mount Vernon, IL",530,510,96.23%,20,3.77%,479,18,13,15,5,0,0,4.51,,1.59,,
"(3V15) (657GL) Paducah, KY","1,042","1,010",96.93%,32,3.07%,900,72,38,18,14,0,0,1.88,0.00,8.16,,
"(3V15) (657GM) Effingham, IL",660,660,100.00%,0,0.00%,614,31,15,0,0,0,0,1.60,0.00,2.68,,
"(3V15) (657GO) Hanson, KY",175,172,98.29%,3,1.71%,158,9,5,3,0,0,0,1.81,,4.56,,
"(3V15) (657GP) Owensboro, KY",795,787,98.99%,8,1.01%,717,54,16,6,0,0,2,3.16,1.33,2.56,,
"(3V15) (657GQ) Vincennes, IN",464,461,99.35%,3,0.65%,411,39,11,1,1,0,1,3.72,2.50,1.44,,
"(3V15) (657GR) Mayfield, KY",559,545,97.50%,14,2.50%,498,29,18,14,0,0,0,1.83,0.75,4.51,,
"(3V15) (657GT) Carbondale, IL",608,605,99.51%,3,0.49%,588,12,5,1,2,0,0,1.00,0.00,1.83,,
"(3V15) (657GU) Harrisburg, IL",340,339,99.71%,1,0.29%,277,21,41,1,0,0,0,5.12,,0.44,,
"(3V15) (657QC) Enterprise Way, IL",30,30,100.00%,0,0.00%,30,0,0,0,0,0,0,,,,,
"(3V15) (657QD) Heartland Street, IL",954,945,99.06%,9,0.94%,874,42,29,8,0,0,1,3.04,8.50,1.17,,
"(3V15) (657A4) Poplar Bluff, MO HCS","11,324","10,968",96.86%,356,3.14%,"9,912",442,614,307,28,15,6,2.82,8.81,5.80,,
"(3V15) (657A4) Poplar Bluff, MO (John J. Pershing)","6,558","6,253",95.35%,305,4.65%,"5,509",271,473,270,17,12,6,5.04,8.99,7.68,,
"(3V15) (657GF) West Plains, MO","1,155","1,145",99.13%,10,0.87%,"1,113",14,18,10,0,0,0,0.50,4.05,3.79,,
"(3V15) (657GG) Paragould, AR",736,723,98.23%,13,1.77%,683,18,22,4,6,3,0,1.05,9.00,5.49,,
"(3V15) (657GH) Cape Girardeau, MO",939,922,98.19%,17,1.81%,834,51,37,17,0,0,0,2.74,0.00,6.19,,
"(3V15) (657GI) Farmington, MO","1,226","1,219",99.43%,7,0.57%,"1,148",45,26,2,5,0,0,1.68,13.83,2.96,,
"(3V15) (657GN) Salem, MO",90,90,100.00%,0,0.00%,84,1,5,0,0,0,0,1.81,,,,
"(3V15) (657GV) Sikeston, MO",506,503,99.41%,3,0.59%,439,36,28,3,0,0,0,3.36,0.74,4.59,,
"(3V15) (657GW) Pocahontas, AR",114,113,99.12%,1,0.88%,102,6,5,1,0,0,0,2.74,,6.15,,
"(3V15) (657) St. Louis, MO HCS","36,780","35,183",95.66%,"1,597",4.34%,"30,191","2,433","2,559","1,269",198,84,46,5.17,7.39,4.12,,
"(3V15) (657) St. Louis-John Cochran, MO (John Cochran)","19,089","17,982",94.20%,"1,107",5.80%,"15,163","1,274","1,545",893,134,48,32,7.56,7.45,7.10,,
"(3V15) (657A0) St. Louis-Jefferson Barracks, MO","10,291","9,940",96.59%,351,3.41%,"8,816",597,527,253,56,35,7,3.90,8.83,3.66,,
"(3V15) (657GA) Belleville, IL",733,710,96.86%,23,3.14%,592,60,58,22,1,0,0,4.61,0.00,4.97,,
"(3V15) (657GB) St. Louis County, MO","1,005","1,002",99.70%,3,0.30%,927,52,23,3,0,0,0,2.20,0.00,1.30,,
"(3V15) (657GD) St. Charles County- OFallon, MO","1,031","1,003",97.28%,28,2.72%,901,59,43,19,3,1,5,5.80,7.35,3.30,,
"(3V15) (657GS) Washington, MO",562,552,98.22%,10,1.78%,509,30,13,7,3,0,0,3.80,1.52,1.59,,
"(3V15) (657GX) St. Louis, MO","1,169","1,147",98.12%,22,1.88%,979,70,98,20,0,0,2,5.87,2.19,2.14,,
"(3V15) (657GY) Manchester, MO","1,080","1,056",97.78%,24,2.22%,845,121,90,24,0,0,0,5.63,4.90,6.12,,
(3V15) (657MA) IDES Scott AFB,28,28,100.00%,0,0.00%,28,0,0,0,0,0,0,,0.00,,,
"(3V15) (657QA) Olive Street, MO","1,394","1,367",98.06%,27,1.94%,"1,072",146,149,26,1,0,0,8.11,4.22,2.05,,
"(3V15) (657QB) Washington Boulevard, MO",251,250,99.60%,1,0.40%,235,12,3,1,0,0,0,,,,,
"Completed Appointment Wait Times National, Facility, and Division Level Summaries.
Wait Time Measured from Preferred Date For the Reporting Period Ending:  December 2017",Total Completed Appointments 1,Completed within 30 Days 2,Percent Appts Complete d in 30 Days or Less 3,Completed in Over 30 Days 4,Percent Appts Complete d in Over 30 Days 5,"Completed 0-7 Days
6","Completed 8-14
Days 7","Completed 15-30
Days 8","Completed 31-60
Days 9","Completed 61-90
Days 10","Completed 91-120
Days 11","Completed in more than 120
Days 12",PC Avg Wait Time in Days 13,SC Avg Wait Time in Days 14,MH Avg Wait Time in Days 15,,
"(3V15) (657QE) Scott Air Force Base, IL",147,146,99.32%,1,0.68%,124,12,10,1,0,0,0,,4.00,2.83,,
"(4V16) (502) Alexandria, LA HCS","17,371","15,995",92.08%,"1,376",7.92%,"14,030",922,"1,043",953,265,68,90,7.97,10.64,7.82,,
"(4V16) (502) Alexandria, LA","10,808","9,937",91.94%,871,8.06%,"8,725",541,671,602,167,47,55,7.69,12.45,4.85,,
"(4V16) (502GA) Jennings, LA",567,554,97.71%,13,2.29%,495,35,24,12,1,0,0,1.81,0.56,5.15,,
"(4V16) (502GB) Lafayette, LA","2,778","2,566",92.37%,212,7.63%,"2,227",192,147,154,34,9,15,9.36,4.96,0.12,,
"(4V16) (502GE) Lake Charles, LA","1,011",934,92.38%,77,7.62%,813,58,63,60,11,2,4,10.10,2.01,2.42,,
"(4V16) (502GF) Fort Polk, LA","1,063","1,017",95.67%,46,4.33%,897,56,64,41,3,1,1,2.97,0.00,9.69,,
"(4V16) (502GG) Natchitoches, LA",379,366,96.57%,13,3.43%,337,11,18,4,1,2,6,16.35,0.00,1.48,,
"(4V16) (502QB) Lafayette Campus B, LA",765,621,81.18%,144,18.82%,536,29,56,80,48,7,9,,,15.49,,
"(4V16) (520) Gulf Coast, MS HCS","40,569","38,781",95.59%,"1,788",4.41%,"34,741","1,891","2,149","1,229",353,91,115,8.47,5.51,2.90,,
"(4V16) (520) Biloxi, MS","17,086","16,517",96.67%,569,3.33%,"15,094",664,759,407,86,30,46,9.67,4.31,3.75,,
"(4V16) (520BZ) Pensacola, FL","13,570","12,808",94.38%,762,5.62%,"11,247",713,848,489,204,38,31,8.33,7.03,0.74,,
"(4V16) (520GA) Mobile, AL","4,814","4,703",97.69%,111,2.31%,"4,335",201,167,82,17,4,8,3.61,4.91,1.88,,
"(4V16) (520GB) Panama City Beach, FL","1,634","1,440",88.13%,194,11.87%,"1,249",92,99,118,42,15,19,14.19,2.35,0.36,,
"(4V16) (520GC) Eglin Air Force Base, FL","2,532","2,405",94.98%,127,5.02%,"1,973",196,236,108,4,4,11,7.70,3.80,8.17,,
"(4V16) (520QA) Panama City Beach West, FL",933,908,97.32%,25,2.68%,843,25,40,25,0,0,0,,0.58,4.10,,
"(4V16) (564) Fayetteville, AR HCS","26,162","25,527",97.57%,635,2.43%,"23,279","1,088","1,160",564,55,6,10,2.83,5.32,1.70,,
"(4V16) (564) Fayetteville, AR","12,964","12,463",96.14%,501,3.86%,"11,064",637,762,451,40,4,6,2.91,6.59,1.06,,
"(4V16) (564BY) Mount Vernon, MO (Gene Taylor)","5,788","5,752",99.38%,36,0.62%,"5,499",159,94,26,9,1,0,1.13,2.26,1.96,,
"(4V16) (564GA) Harrison, AR",172,172,100.00%,0,0.00%,172,0,0,0,0,0,0,0.00,,0.00,,
"(4V16) (564GB) Fort Smith, AR","2,591","2,575",99.38%,16,0.62%,"2,402",86,87,11,2,0,3,6.61,5.37,2.41,,
"(4V16) (564GC) Branson, MO","2,487","2,451",98.55%,36,1.45%,"2,292",83,76,34,1,0,1,1.92,2.32,1.85,,
"(4V16) (564GD) Ozark, AR",313,306,97.76%,7,2.24%,259,27,20,5,1,1,0,4.33,4.64,5.14,,
"(4V16) (564GE) Jay, OK",465,465,100.00%,0,0.00%,460,3,2,0,0,0,0,0.27,0.12,0.90,,
"(4V16) (564QA) Township, AR",510,510,100.00%,0,0.00%,510,0,0,0,0,0,0,,,,,
"(4V16) (564QB) Sunbridge, AR",872,833,95.53%,39,4.47%,621,93,119,37,2,0,0,,8.39,,,
"(4V16) (580) Houston, TX HCS","70,248","68,806",97.95%,"1,442",2.05%,"62,534","3,146","3,126","1,112",226,74,30,3.07,3.86,2.11,,
"(4V16) (580) Houston, TX (Michael E. DeBakey)","46,496","45,537",97.94%,959,2.06%,"41,068","2,182","2,287",751,155,30,23,3.78,3.86,1.92,,
"(4V16) (580BY) Beaumont, TX","3,134","3,096",98.79%,38,1.21%,"2,877",132,87,25,8,1,4,2.25,3.27,0.62,,
"(4V16) (580BZ) Lufkin, TX (Charles Wilson)","2,488","2,423",97.39%,65,2.61%,"2,093",200,130,31,14,20,0,4.20,9.70,0.97,,
"(4V16) (580GC) Galveston, TX",757,747,98.68%,10,1.32%,723,14,10,9,0,1,0,0.44,0.05,2.55,,
"(4V16) (580GD) Conroe, TX","4,126","4,003",97.02%,123,2.98%,"3,754",125,124,108,9,5,1,2.15,3.47,2.98,,
"(4V16) (580GE) Katy, TX","3,360","3,270",97.32%,90,2.68%,"3,013",107,150,67,16,6,1,3.21,4.51,2.85,,
"(4V16) (580GF) Lake Jackson, TX","1,088","1,081",99.36%,7,0.64%,"1,013",24,44,7,0,0,0,2.38,0.00,1.55,,
"(4V16) (580GG) Richmond, TX","2,207","2,141",97.01%,66,2.99%,"1,854",143,144,55,9,1,1,3.82,6.75,3.62,,
"(4V16) (580GH) Tomball, TX","3,679","3,620",98.40%,59,1.60%,"3,386",125,109,44,9,6,0,2.09,2.10,2.11,,
"(4V16) (580GJ) Texas City, TX","2,913","2,888",99.14%,25,0.86%,"2,753",94,41,15,6,4,0,1.60,1.65,2.83,,
"(4V16) (586) Jackson, MS HCS","23,656","22,937",96.96%,719,3.04%,"20,875",997,"1,065",527,116,17,59,4.10,6.38,0.65,,
"(4V16) (586) Jackson, MS (G.V.
(Sonny) Montgomery)","18,926","18,295",96.67%,631,3.33%,"16,797",655,843,450,108,17,56,4.37,6.62,0.59,,
"(4V16) (586GA) Kosciusko, MS",309,296,95.79%,13,4.21%,231,34,31,13,0,0,0,5.67,0.00,0.00,,
"(4V16) (586GB) Meridian, MS",581,572,98.45%,9,1.55%,461,81,30,8,0,0,1,5.02,0.00,0.35,,
"(4V16) (586GC) Greenville, MS",447,439,98.21%,8,1.79%,342,69,28,8,0,0,0,4.74,0.67,1.41,,
"Completed Appointment Wait Times National, Facility, and Division Level Summaries.
Wait Time Measured from Preferred Date For the Reporting Period Ending:  December 2017",Total Completed Appointments 1,Completed within 30 Days 2,Percent Appts Complete d in 30 Days or Less 3,Completed in Over 30 Days 4,Percent Appts Complete d in Over 30 Days 5,"Completed 0-7 Days
6","Completed 8-14
Days 7","Completed 15-30
Days 8","Completed 31-60
Days 9","Completed 61-90
Days 10","Completed 91-120
Days 11","Completed in more than 120
Days 12",PC Avg Wait Time in Days 13,SC Avg Wait Time in Days 14,MH Avg Wait Time in Days 15,,
"(4V16) (586GD) Hattiesburg, MS","1,459","1,426",97.74%,33,2.26%,"1,345",33,48,31,1,0,1,3.05,29.42,0.03,,
"(4V16) (586GE) Natchez, MS",385,381,98.96%,4,1.04%,348,22,11,3,1,0,0,2.90,0.00,0.05,,
"(4V16) (586GF) Columbus, MS",472,464,98.31%,8,1.69%,414,28,22,7,0,0,1,3.59,27.00,0.74,,
"(4V16) (586GG) McComb, MS",473,470,99.37%,3,0.63%,384,54,32,2,1,0,0,2.82,16.43,5.16,,
"(4V16) (586QB) Dogwood View Parkway, MS",507,497,98.03%,10,1.97%,456,21,20,5,5,0,0,,2.54,,,
"(4V16) (586QC) Lakeland Drive, MS",97,97,100.00%,0,0.00%,97,0,0,0,0,0,0,,,,,
"(4V16) (598) Little Rock, AR HCS","40,520","39,627",97.80%,893,2.20%,"35,511","2,070","2,046",712,123,36,22,3.56,5.20,1.90,,
"(4V16) (598) Little Rock, AR (John L. McClellan)","15,865","15,301",96.45%,564,3.55%,"13,371",921,"1,009",427,87,32,18,6.01,5.91,0.75,,
"(4V16) (598A0) North Little Rock, AR (Eugene J. Towbin Healthcare Center)","16,116","15,893",98.62%,223,1.38%,"14,566",664,663,196,23,3,1,3.93,3.84,1.67,,
"(4V16) (598GA) Mountain Home, AR",913,910,99.67%,3,0.33%,852,40,18,3,0,0,0,1.95,5.14,1.80,,
"(4V16) (598GB) El Dorado, AR","1,030","1,021",99.13%,9,0.87%,960,23,38,8,1,0,0,1.99,3.77,3.29,,
"(4V16) (598GC) Hot Springs, AR","1,725","1,700",98.55%,25,1.45%,"1,548",95,57,21,3,1,0,2.10,2.28,3.87,,
"(4V16) (598GD) Mena, AR",447,444,99.33%,3,0.67%,407,18,19,1,2,0,0,2.80,1.00,1.88,,
"(4V16) (598GE) Pine Bluff, AR","1,035","1,029",99.42%,6,0.58%,884,63,82,6,0,0,0,5.02,1.00,4.10,,
"(4V16) (598GF) Searcy, AR",977,970,99.28%,7,0.72%,863,72,35,7,0,0,0,3.62,0.00,0.22,,
"(4V16) (598GG) Conway, AR","1,654","1,602",96.86%,52,3.14%,"1,391",116,95,42,7,0,3,5.16,6.99,1.48,,
"(4V16) (598GH) Russellville, AR",756,755,99.87%,1,0.13%,667,58,30,1,0,0,0,2.74,2.74,2.53,,
"(4V16) (598QA) Little Rock-Main Street, AR",2,2,100.00%,0,0.00%,2,0,0,0,0,0,0,,,,,
"(4V16) (629) New Orleans, LA HCS","36,360","35,170",96.73%,"1,190",3.27%,"30,951","2,085","2,134",939,178,54,19,3.77,6.09,3.68,,
"(4V16) (629) New Orleans, LA","24,823","23,898",96.27%,925,3.73%,"21,132","1,344","1,422",727,137,47,14,5.47,6.29,2.43,,
"(4V16) (629BY) Baton Rouge, LA","3,858","3,772",97.77%,86,2.23%,"3,079",330,363,72,12,1,1,2.83,7.56,2.00,,
"(4V16) (629GA) Houma, LA",975,951,97.54%,24,2.46%,797,81,73,19,4,0,1,3.78,7.98,6.56,,
"(4V16) (629GB) Hammond, LA","2,020","1,995",98.76%,25,1.24%,"1,716",133,146,21,4,0,0,4.06,2.62,4.89,,
"(4V16) (629GC) Slidell, LA","1,426","1,403",98.39%,23,1.61%,"1,330",38,35,18,1,1,3,2.48,3.71,0.26,,
"(4V16) (629GD) St. John, LA",658,656,99.70%,2,0.30%,619,27,10,2,0,0,0,1.78,0.87,1.02,,
"(4V16) (629GE) Franklin, LA",251,247,98.41%,4,1.59%,234,6,7,4,0,0,0,1.10,0.00,2.48,,
"(4V16) (629GF) Bogalusa, LA",298,297,99.66%,1,0.34%,292,4,1,1,0,0,0,0.66,1.80,1.59,,
"(4V16) (629QA) Baton Rouge South, LA","2,051","1,951",95.12%,100,4.88%,"1,752",122,77,75,20,5,0,,3.94,8.77,,
"(4V16) (667) Shreveport, LA HCS","19,745","19,194",97.21%,551,2.79%,"17,350",996,848,383,113,48,7,3.21,5.03,2.33,,
"(4V16) (667) Shreveport, LA (Overton Brooks)","15,012","14,525",96.76%,487,3.24%,"13,015",827,683,323,109,48,7,3.89,5.66,1.64,,
"(4V16) (667GA) Texarkana, AR","1,669","1,623",97.24%,46,2.76%,"1,475",67,81,42,4,0,0,3.02,1.12,8.82,,
"(4V16) (667GB) Monroe, LA","1,240","1,233",99.44%,7,0.56%,"1,175",37,21,7,0,0,0,1.33,1.16,1.41,,
"(4V16) (667GC) Longview, TX","1,604","1,593",99.31%,11,0.69%,"1,465",65,63,11,0,0,0,3.03,0.54,1.43,,
(4V16) (667MA) IDES Barksdale AFB,1,1,100.00%,0,0.00%,1,0,0,0,0,0,0,,0.00,,,
"(4V16) (667QA) Knight Street, LA",219,219,100.00%,0,0.00%,219,0,0,0,0,0,0,,0.00,,,
"(4V17) (549) Dallas, TX HCS","67,933","66,345",97.66%,"1,588",2.34%,"59,944","3,397","3,004","1,291",240,45,12,5.55,3.42,1.93,,
"(4V17) (549) Dallas, TX","40,805","39,940",97.88%,865,2.12%,"36,890","1,525","1,525",684,138,35,8,5.61,3.62,0.50,,
"(4V17) (549A4) Bonham, TX (Sam
Rayburn Center)","5,984","5,917",98.88%,67,1.12%,"5,428",254,235,63,4,0,0,3.88,2.37,0.83,,
"(4V17) (549BY) Fort Worth, TX","12,908","12,571",97.39%,337,2.61%,"10,758","1,051",762,271,56,7,3,5.88,3.40,3.62,,
"(4V17) (549GD) Denton, TX","1,549","1,518",98.00%,31,2.00%,"1,199",208,111,30,1,0,0,5.58,0.00,1.55,,
"(4V17) (549GE) Bridgeport, TX",256,253,98.83%,3,1.17%,224,24,5,3,0,0,0,3.29,,2.71,,
"(4V17) (549GF) Granbury, TX",362,352,97.24%,10,2.76%,293,41,18,6,4,0,0,5.10,,0.00,,
"Completed Appointment Wait Times National, Facility, and Division Level Summaries.
Wait Time Measured from Preferred Date For the Reporting Period Ending:  December 2017",Total Completed Appointments 1,Completed within 30 Days 2,Percent Appts Complete d in 30 Days or Less 3,Completed in Over 30 Days 4,Percent Appts Complete d in Over 30 Days 5,"Completed 0-7 Days
6","Completed 8-14
Days 7","Completed 15-30
Days 8","Completed 31-60
Days 9","Completed 61-90
Days 10","Completed 91-120
Days 11","Completed in more than 120
Days 12",PC Avg Wait Time in Days 13,SC Avg Wait Time in Days 14,MH Avg Wait Time in Days 15,,
"(4V17) (549GH) Greenville, TX",466,459,98.50%,7,1.50%,423,33,3,7,0,0,0,2.18,0.00,10.34,,
"(4V17) (549GJ) Sherman, TX",878,819,93.28%,59,6.72%,701,61,57,44,14,1,0,7.13,0.00,3.44,,
"(4V17) (549GK) Polk Street, TX",973,936,96.20%,37,3.80%,818,55,63,36,1,0,0,4.68,0.00,,,
"(4V17) (549GL) Plano, TX","1,820","1,743",95.77%,77,4.23%,"1,551",93,99,71,6,0,0,5.94,2.25,4.12,,
"(4V17) (549QC) Broadway, TX","1,932","1,837",95.08%,95,4.92%,"1,659",52,126,76,16,2,1,9.95,0.69,8.28,,
"(4V17) (671) San Antonio, TX HCS","54,163","51,815",95.66%,"2,348",4.34%,"45,988","2,732","3,095","1,702",333,189,124,3.93,6.90,2.95,,
"(4V17) (671) San Antonio, TX (Audie L. Murphy)","28,995","27,687",95.49%,"1,308",4.51%,"24,484","1,478","1,725","1,065",160,44,39,5.74,6.12,2.19,,
"(4V17) (671A4) Kerrville, TX","3,696","3,490",94.43%,206,5.57%,"3,129",165,196,109,37,41,19,3.81,11.11,1.97,,
"(4V17) (671BU) San Antonio, TX - VADOM",316,316,100.00%,0,0.00%,308,1,7,0,0,0,0,,,1.05,,
"(4V17) (671BY) San Antonio-Eckert Road, TX (Frank M. Tejeda)","5,777","5,677",98.27%,100,1.73%,"4,986",416,275,71,20,4,5,3.26,5.62,3.33,,
"(4V17) (671GB) Victoria, TX",900,888,98.67%,12,1.33%,810,47,31,11,1,0,0,1.20,4.20,5.39,,
"(4V17) (671GF) South Bexar County, TX",898,873,97.22%,25,2.78%,769,45,59,19,3,2,1,3.83,,5.13,,
"(4V17) (671GH) Beeville, TX",152,152,100.00%,0,0.00%,151,1,0,0,0,0,0,0.15,,,,
"(4V17) (671GK) San Antonio-NW 410, TX","1,756","1,641",93.45%,115,6.55%,"1,296",85,260,115,0,0,0,7.15,,,,
"(4V17) (671GL) New Braunfels, TX",355,355,100.00%,0,0.00%,336,10,9,0,0,0,0,1.38,,,,
"(4V17) (671GN) Seguin, TX",134,134,100.00%,0,0.00%,133,1,0,0,0,0,0,0.40,,,,
"(4V17) (671GO) North Central Federal, TX","2,135","2,092",97.99%,43,2.01%,"1,953",77,62,24,14,2,3,2.53,3.57,4.59,,
"(4V17) (671GP) Balcones Heights, TX","1,851","1,809",97.73%,42,2.27%,"1,630",96,83,38,1,0,3,3.66,7.85,1.15,,
"(4V17) (671GQ) Shavano Park, TX","1,437","1,409",98.05%,28,1.95%,"1,326",36,47,9,19,0,0,2.37,,3.67,,
(4V17) (671PA) San Antonio SARRTP,73,73,100.00%,0,0.00%,14,16,43,0,0,0,0,,,,,
"(4V17) (671QB) Data Point, TX","5,688","5,219",91.75%,469,8.25%,"4,663",258,298,241,78,96,54,,8.05,,,
"(4V17) (674) Temple, TX HCS","64,287","61,792",96.12%,"2,495",3.88%,"54,482","3,318","3,992","1,889",390,151,65,5.58,6.15,4.03,,
"(4V17) (674) Temple, TX (Olin E.
Teague Center)","35,020","33,509",95.69%,"1,511",4.31%,"29,499","1,786","2,224","1,147",198,115,51,8.96,6.11,4.93,,
"(4V17) (674A4) Waco, TX (Doris
Miller)","5,977","5,860",98.04%,117,1.96%,"5,441",204,215,104,9,2,2,3.51,4.11,0.82,,
"(4V17) (674BY) Austin, TX","16,591","15,960",96.20%,631,3.80%,"13,821",956,"1,183",446,151,26,8,3.76,6.77,4.24,,
"(4V17) (674GA) Palestine, TX",967,963,99.59%,4,0.41%,895,40,28,4,0,0,0,1.67,10.25,2.63,,
"(4V17) (674GB) Brownwood, TX","1,220","1,205",98.77%,15,1.23%,"1,137",40,28,14,1,0,0,1.30,4.52,5.21,,
"(4V17) (674GC) Bryan, TX","1,477","1,439",97.43%,38,2.57%,"1,254",96,89,26,6,5,1,4.59,3.88,6.28,,
"(4V17) (674GD) Cedar Park, TX","1,729","1,608",93.00%,121,7.00%,"1,348",109,151,102,16,0,3,8.06,10.73,4.26,,
"(4V17) (674GF) Temple-General Bruce Drive, TX","1,086","1,029",94.75%,57,5.25%,908,68,53,45,9,3,0,5.80,4.05,1.09,,
"(4V17) (674HB) LaGrange, TX",220,219,99.55%,1,0.45%,179,19,21,1,0,0,0,4.64,,2.48,,
"(4V17) (504) Amarillo, TX HCS","15,463","14,563",94.18%,900,5.82%,"12,677",816,"1,070",622,165,68,45,6.48,11.03,2.67,,
"(4V17) (504) Amarillo, TX (Thomas E. Creek)","10,946","10,233",93.49%,713,6.51%,"8,948",578,707,486,142,57,28,7.27,11.64,3.33,,
"(4V17) (504BY) Lubbock, TX","3,824","3,644",95.29%,180,4.71%,"3,088",210,346,130,23,11,16,6.65,9.22,1.95,,
"(4V17) (504BZ) Clovis, NM",595,591,99.33%,4,0.67%,557,21,13,3,0,0,1,1.54,15.00,1.03,,
"(4V17) (504GA) Childress, TX",66,64,96.97%,2,3.03%,57,5,2,2,0,0,0,3.16,,1.75,,
"(4V17) (504HB) Dalhart, TX",32,31,96.88%,1,3.13%,27,2,2,1,0,0,0,5.18,0.00,0.50,,
"(4V17) (519) Big Spring, TX HCS","6,746","6,507",96.46%,239,3.54%,"5,562",486,459,171,62,4,2,7.06,4.43,4.48,,
"(4V17) (519) Big Spring, TX (George H. OBrien, Jr.)","2,516","2,494",99.13%,22,0.87%,"2,111",193,190,21,1,0,0,6.07,3.74,2.54,,
"(4V17) (519GA) Permian Basin, TX","1,232","1,198",97.24%,34,2.76%,997,119,82,32,2,0,0,3.58,8.00,6.26,,
"(4V17) (519GB) Hobbs, NM",168,165,98.21%,3,1.79%,134,11,20,3,0,0,0,6.37,16.67,4.06,,
"Completed Appointment Wait Times National, Facility, and Division Level Summaries.
Wait Time Measured from Preferred Date For the Reporting Period Ending:  December 2017",Total Completed Appointments 1,Completed within 30 Days 2,Percent Appts Complete d in 30 Days or Less 3,Completed in Over 30 Days 4,Percent Appts Complete d in Over 30 Days 5,"Completed 0-7 Days
6","Completed 8-14
Days 7","Completed 15-30
Days 8","Completed 31-60
Days 9","Completed 61-90
Days 10","Completed 91-120
Days 11","Completed in more than 120
Days 12",PC Avg Wait Time in Days 13,SC Avg Wait Time in Days 14,MH Avg Wait Time in Days 15,,
"(4V17) (519GD) Fort Stockton, TX",36,29,80.56%,7,19.44%,20,3,6,7,0,0,0,13.71,,0.00,,
"(4V17) (519HC) Abilene, TX","1,745","1,620",92.84%,125,7.16%,"1,389",111,120,72,47,4,2,12.33,4.40,5.20,,
"(4V17) (519HD) Stamford, TX",15,15,100.00%,0,0.00%,10,2,3,0,0,0,0,6.80,,,,
"(4V17) (519HF) San Angelo, TX","1,034",986,95.36%,48,4.64%,901,47,38,36,12,0,0,4.25,19.39,4.79,,
"(4V17) (756) El Paso, TX HCS","20,187","19,664",97.41%,523,2.59%,"17,526",996,"1,142",418,60,28,17,3.65,3.87,5.55,,
"(4V17) (756) El Paso, TX","16,905","16,402",97.02%,503,2.98%,"14,572",824,"1,006",398,60,28,17,4.59,3.85,6.37,,
"(4V17) (756GA) Las Cruces, NM","1,314","1,296",98.63%,18,1.37%,"1,187",54,55,18,0,0,0,2.49,1.54,3.31,,
"(4V17) (756GB) El Paso Eastside, TX","1,747","1,745",99.89%,2,0.11%,"1,630",63,52,2,0,0,0,1.01,3.35,1.96,,
(4V17) (756MA) IDES Fort Bliss,221,221,100.00%,0,0.00%,137,55,29,0,0,0,0,,6.54,9.41,,
(4V17) (740) Texas Valley Coastal Bend HCS,"19,635","19,150",97.53%,485,2.47%,"17,731",720,699,353,83,27,22,2.74,5.91,1.50,,
"(4V17) (740) Harlingen, TX","3,514","3,383",96.27%,131,3.73%,"3,068",153,162,87,29,10,5,2.98,5.47,1.51,,
"(4V17) (740GA) Harlingen-Treasure Hills, TX","4,586","4,513",98.41%,73,1.59%,"4,185",180,148,47,10,6,10,1.80,7.09,1.14,,
"(4V17) (740GB) McAllen, TX","5,151","5,104",99.09%,47,0.91%,"4,801",121,182,46,1,0,0,2.06,3.56,1.59,,
"(4V17) (740GC) Corpus Christi, TX","2,316","2,194",94.73%,122,5.27%,"2,067",67,60,103,17,1,1,4.79,0.68,0.08,,
"(4V17) (740GD) Laredo, TX","1,422","1,392",97.89%,30,2.11%,"1,331",29,32,19,2,3,6,2.63,8.16,0.67,,
"(4V17) (740GH) South Enterprize, TX","2,169","2,095",96.59%,74,3.41%,"1,844",147,104,44,23,7,0,,6.56,2.30,,
"(4V17) (740GI) Old Brownsville, TX",463,457,98.70%,6,1.30%,428,20,9,5,1,0,0,,,2.19,,
"(4V17) (740GJ) North Tenth Street, TX",14,12,85.71%,2,14.29%,7,3,2,2,0,0,0,,,,,
"(4V19) (623) Muskogee, OK HCS","21,037","20,106",95.57%,931,4.43%,"17,932","1,076","1,098",714,178,34,5,2.36,7.02,5.67,,
"(4V19) (623) Muskogee, OK (Jack C. Montgomery)","10,540","10,007",94.94%,533,5.06%,"9,027",438,542,428,86,17,2,1.57,6.68,5.01,,
"(4V19) (623BY) Tulsa, OK (Ernest Childers)","6,674","6,403",95.94%,271,4.06%,"5,499",471,433,196,68,6,1,3.24,7.57,2.36,,
"(4V19) (623GA) Hartshorne, OK",473,468,98.94%,5,1.06%,445,13,10,5,0,0,0,1.92,0.00,1.49,,
"(4V19) (623GB) Vinita, OK",556,555,99.82%,1,0.18%,549,4,2,0,0,1,0,0.67,8.33,0.19,,
"(4V19) (623GC) Idabel, OK
(McCurtain County)",311,311,100.00%,0,0.00%,304,6,1,0,0,0,0,0.18,,7.71,,
"(4V19) (623QA) Muskogee-Shawnee Road, OK (Jack C. Montgomery)",830,824,99.28%,6,0.72%,748,47,29,5,1,0,0,,,3.20,,
"(4V19) (623QB) Tulsa Eleventh Street, OK","1,653","1,538",93.04%,115,6.96%,"1,360",97,81,80,23,10,2,,,9.17,,
"(4V19) (635) Oklahoma City, OK HCS","37,637","36,571",97.17%,"1,066",2.83%,"33,649","1,392","1,530",773,208,65,20,4.66,5.33,2.09,,
"(4V19) (635) Oklahoma City, OK","29,438","28,600",97.15%,838,2.85%,"26,252","1,133","1,215",622,156,47,13,5.76,5.45,1.97,,
"(4V19) (635GA) Lawton, OK","2,266","2,117",93.42%,149,6.58%,"1,926",68,123,91,40,15,3,11.02,2.04,1.19,,
"(4V19) (635GB) Wichita Falls, TX",773,749,96.90%,24,3.10%,692,33,24,17,6,1,0,5.69,3.50,0.50,,
"(4V19) (635GC) Blackwell, OK",101,100,99.01%,1,0.99%,95,3,2,1,0,0,0,0.70,0.00,7.00,,
"(4V19) (635GD) Ada, OK",397,391,98.49%,6,1.51%,384,2,5,5,1,0,0,0.34,2.45,8.13,,
"(4V19) (635GE) Stillwater, OK",398,393,98.74%,5,1.26%,370,11,12,3,2,0,0,1.17,7.89,7.63,,
"(4V19) (635GF) Altus, OK",193,192,99.48%,1,0.52%,184,5,3,1,0,0,0,0.35,0.57,4.03,,
"(4V19) (635GG) Enid, OK",162,161,99.38%,1,0.62%,150,3,8,1,0,0,0,0.00,9.50,3.95,,
"(4V19) (635HB) Ardmore, OK",364,363,99.73%,1,0.27%,351,6,6,0,0,0,1,0.10,4.00,9.92,,
"(4V19) (635PA) Oklahoma City, OK - PRRTP",23,23,100.00%,0,0.00%,23,0,0,0,0,0,0,,,,,
"(4V19) (635QA) North May City, OK","1,158","1,142",98.62%,16,1.38%,"1,022",57,63,15,1,0,0,3.39,7.07,0.00,,
"(4V19) (635QB) South Oklahoma City, OK","2,364","2,340",98.98%,24,1.02%,"2,200",71,69,17,2,2,3,2.30,4.27,2.14,,
(4V19) (436) Montana HCS,"15,974","14,829",92.83%,"1,145",7.17%,"13,337",597,895,656,268,96,125,9.35,9.57,2.62,,
"(4V19) (436) Fort Harrison, MT","5,693","5,229",91.85%,464,8.15%,"4,623",238,368,289,91,38,46,13.28,10.58,2.25,,
"(4V19) (436A4) Miles City, MT",336,326,97.02%,10,2.98%,311,10,5,8,0,1,1,2.83,0.06,1.40,,
"Completed Appointment Wait Times National, Facility, and Division Level Summaries.
Wait Time Measured from Preferred Date For the Reporting Period Ending:  December 2017",Total Completed Appointments 1,Completed within 30 Days 2,Percent Appts Complete d in 30 Days or Less 3,Completed in Over 30 Days 4,Percent Appts Complete d in Over 30 Days 5,"Completed 0-7 Days
6","Completed 8-14
Days 7","Completed 15-30
Days 8","Completed 31-60
Days 9","Completed 61-90
Days 10","Completed 91-120
Days 11","Completed in more than 120
Days 12",PC Avg Wait Time in Days 13,SC Avg Wait Time in Days 14,MH Avg Wait Time in Days 15,,
"(4V19) (436GA) Anaconda, MT",368,344,93.48%,24,6.52%,318,15,11,16,6,1,1,5.80,0.43,6.14,,
"(4V19) (436GB) Great Falls, MT","1,215","1,175",96.71%,40,3.29%,"1,068",29,78,25,10,5,0,3.90,7.82,4.07,,
"(4V19) (436GC) Missoula, MT","1,726","1,572",91.08%,154,8.92%,"1,403",66,103,69,44,23,18,10.23,6.62,3.38,,
"(4V19) (436GD) Bozeman, MT",926,863,93.20%,63,6.80%,759,37,67,27,6,7,23,18.02,11.80,1.08,,
"(4V19) (436GF) Kalispell, MT","1,367","1,324",96.85%,43,3.15%,"1,257",36,31,27,6,1,9,5.56,9.27,2.45,,
"(4V19) (436GH) Billings, MT","3,260","2,960",90.80%,300,9.20%,"2,666",125,169,175,96,15,14,10.61,8.96,3.09,,
"(4V19) (436GI) Glasgow, MT",105,105,100.00%,0,0.00%,102,2,1,0,0,0,0,0.04,3.00,3.27,,
"(4V19) (436GK) Glendive, MT",36,35,97.22%,1,2.78%,32,2,1,0,1,0,0,5.18,0.00,0.70,,
"(4V19) (436GL) Cut Bank, MT",157,142,90.45%,15,9.55%,117,7,18,5,2,2,6,20.75,0.00,1.27,,
"(4V19) (436GM) Lewistown, MT",215,213,99.07%,2,0.93%,207,2,4,0,1,1,0,1.12,9.12,3.93,,
"(4V19) (436HC) Havre, MT (Merril Lundman)",172,171,99.42%,1,0.58%,161,7,3,0,0,0,1,1.21,33.00,2.39,,
(4V19) (436MA) IDES Malmstrom AFB,6,6,100.00%,0,0.00%,6,0,0,0,0,0,0,,0.00,,,
"(4V19) (436QA) Hamilton, MT",125,114,91.20%,11,8.80%,96,7,11,2,3,2,4,21.15,9.00,3.28,,
"(4V19) (436QB) Plentywood, MT",16,16,100.00%,0,0.00%,15,0,1,0,0,0,0,0.00,,6.60,,
"(4V19) (436QC) Helena, MT",251,234,93.23%,17,6.77%,196,14,24,13,2,0,2,,,,,
"(4V19) (442) Cheyenne, WY HCS","12,073","11,281",93.44%,792,6.56%,"9,715",631,935,561,171,37,23,3.34,8.74,6.07,,
"(4V19) (442) Cheyenne, WY","7,391","6,973",94.34%,418,5.66%,"6,002",380,591,308,79,21,10,3.04,7.23,4.33,,
"(4V19) (442GB) Sidney, NE",147,142,96.60%,5,3.40%,131,8,3,5,0,0,0,1.59,12.42,2.13,,
"(4V19) (442GC) Fort Collins, CO","2,217","2,017",90.98%,200,9.02%,"1,687",122,208,127,64,3,6,5.18,13.16,7.72,,
"(4V19) (442GD) Greeley, CO","1,919","1,767",92.08%,152,7.92%,"1,536",109,122,106,27,13,6,2.63,10.81,9.34,,
"(4V19) (442HK) Wheatland 1, WY -
Mobile",212,209,98.58%,3,1.42%,194,7,8,3,0,0,0,1.74,,3.33,,
"(4V19) (442QA) Rawlins, WY",112,98,87.50%,14,12.50%,91,4,3,12,1,0,1,5.97,25.23,2.78,,
"(4V19) (442QB) Torrington-Cheyenne 2, WY - Mobile",75,75,100.00%,0,0.00%,74,1,0,0,0,0,0,0.43,,0.33,,
"(4V19) (554) Denver, CO HCS","48,079","43,424",90.32%,"4,655",9.68%,"36,246","2,981","4,197","3,202","1,129",189,135,10.13,10.35,7.10,,
"(4V19) (554) Denver, CO","24,289","22,005",90.60%,"2,284",9.40%,"18,206","1,597","2,202","1,728",430,89,37,10.84,10.13,6.46,,
"(4V19) (5549AB) Pueblo CLC, CO - CLC",1,0,0.00%,1,100.00%,0,0,0,0,1,0,0,,,,,
"(4V19) (554GB) Aurora, CO","1,781","1,590",89.28%,191,10.72%,"1,353",100,137,158,30,3,0,9.44,7.66,5.92,,
"(4V19) (554GC) Golden, CO","4,797","4,564",95.14%,233,4.86%,"3,848",294,422,220,13,0,0,6.29,5.84,4.11,,
"(4V19) (554GD) Pueblo, CO (PFC
James Dunn)","3,439","3,211",93.37%,228,6.63%,"2,789",178,244,157,47,15,9,17.95,4.08,5.79,,
"(4V19) (554GE) Colorado Springs, CO (PFC Floyd K. Lindstrom)","11,336","9,891",87.25%,"1,445",12.75%,"8,373",639,879,751,558,63,73,11.09,14.59,9.86,,
"(4V19) (554GF) Alamosa, CO",363,338,93.11%,25,6.89%,281,27,30,14,8,1,2,12.98,8.56,2.37,,
"(4V19) (554GG) La Junta, CO",405,395,97.53%,10,2.47%,370,16,9,6,1,3,0,1.35,2.89,1.97,,
"(4V19) (554GH) Lamar, CO",113,109,96.46%,4,3.54%,96,7,6,4,0,0,0,5.29,0.00,2.38,,
"(4V19) (554GI) Burlington, CO",132,130,98.48%,2,1.52%,110,13,7,2,0,0,0,4.01,10.43,1.85,,
(4V19) (554MA) IDES Fort Carson,150,150,100.00%,0,0.00%,88,15,47,0,0,0,0,,6.94,8.16,,
"(4V19) (554QB) Jewell, CO","1,160",932,80.34%,228,19.66%,637,89,206,159,41,14,14,,15.92,,,
"(4V19) (554QC) Salida, CO",113,109,96.46%,4,3.54%,95,6,8,3,0,1,0,3.00,21.89,0.43,,
"(4V19) (575) Grand Junction, CO HCS","9,645","9,189",95.27%,456,4.73%,"7,749",727,713,303,88,28,37,10.63,7.26,2.11,,
"(4V19) (575) Grand Junction, CO","8,797","8,377",95.23%,420,4.77%,"7,075",640,662,278,83,24,35,12.09,7.13,2.08,,
"(4V19) (575GA) Montrose, CO",556,542,97.48%,14,2.52%,435,68,39,12,1,0,1,0.86,8.60,2.77,,
"(4V19) (575GB) Craig, CO (Major
William Edward Adams)",112,109,97.32%,3,2.68%,100,7,2,2,0,0,1,7.02,2.00,4.07,,
"(4V19) (575QA) Glenwood Springs, CO",116,100,86.21%,16,13.79%,87,9,4,8,4,4,0,16.76,12.23,1.25,,
"Completed Appointment Wait Times National, Facility, and Division Level Summaries.
Wait Time Measured from Preferred Date For the Reporting Period Ending:  December 2017",Total Completed Appointments 1,Completed within 30 Days 2,Percent Appts Complete d in 30 Days or Less 3,Completed in Over 30 Days 4,Percent Appts Complete d in Over 30 Days 5,"Completed 0-7 Days
6","Completed 8-14
Days 7","Completed 15-30
Days 8","Completed 31-60
Days 9","Completed 61-90
Days 10","Completed 91-120
Days 11","Completed in more than 120
Days 12",PC Avg Wait Time in Days 13,SC Avg Wait Time in Days 14,MH Avg Wait Time in Days 15,,
"(4V19) (575QB) Moab, UT",64,61,95.31%,3,4.69%,52,3,6,3,0,0,0,1.06,8.30,2.64,,
"(4V19) (660) Salt Lake City, UT HCS","26,645","24,832",93.20%,"1,813",6.80%,"21,234","1,662","1,936","1,333",297,115,68,4.96,9.69,3.48,,
"(4V19) (660) Salt Lake City, UT (George E. Wahlen)","19,879","18,272",91.92%,"1,607",8.08%,"15,197","1,373","1,702","1,201",260,102,44,6.94,9.87,3.01,,
"(4V19) (660GA) Pocatello, ID","1,138","1,124",98.77%,14,1.23%,"1,022",47,55,12,0,0,2,3.26,7.57,3.40,,
"(4V19) (660GB) Ogden, UT","1,595","1,539",96.49%,56,3.51%,"1,416",72,51,49,4,1,2,3.83,7.88,8.18,,
"(4V19) (660GD) Roosevelt, UT",130,127,97.69%,3,2.31%,120,3,4,2,1,0,0,0.00,36.60,6.62,,
"(4V19) (660GE) Orem, UT","1,088","1,085",99.72%,3,0.28%,"1,042",16,27,2,1,0,0,1.14,6.42,1.45,,
"(4V19) (660GG) St. George, UT","1,027",985,95.91%,42,4.09%,881,59,45,26,11,3,2,2.66,8.73,9.86,,
"(4V19) (660GJ) Western Salt Lake, UT","1,128","1,064",94.33%,64,5.67%,971,61,32,25,13,8,18,4.96,4.49,0.64,,
"(4V19) (660GK) Elko, NV",52,51,98.08%,1,1.92%,25,14,12,1,0,0,0,11.63,1.27,9.17,,
(4V19) (660MA) IDES Hill AFB,12,12,100.00%,0,0.00%,12,0,0,0,0,0,0,,0.00,0.00,,
"(4V19) (660QA) Idaho Falls, ID",459,457,99.56%,2,0.44%,447,5,5,2,0,0,0,0.39,0.50,3.42,,
"(4V19) (660QB) Price, UT",137,116,84.67%,21,15.33%,101,12,3,13,7,1,0,19.16,14.31,6.52,,
"(4V19) (666) Sheridan, WY HCS","5,261","5,119",97.30%,142,2.70%,"4,619",254,246,101,30,5,6,3.10,5.00,4.73,,
"(4V19) (666) Sheridan, WY","2,895","2,813",97.17%,82,2.83%,"2,495",142,176,56,19,3,4,4.50,5.19,4.99,,
"(4V19) (666GB) Casper, WY",729,700,96.02%,29,3.98%,636,35,29,20,8,1,0,2.84,3.86,7.08,,
"(4V19) (666GC) Riverton, WY",513,499,97.27%,14,2.73%,474,15,10,12,0,0,2,3.27,2.98,1.31,,
"(4V19) (666GD) Powell, WY",172,169,98.26%,3,1.74%,160,5,4,2,1,0,0,1.61,0.00,6.67,,
"(4V19) (666GE) Gillette, WY",411,408,99.27%,3,0.73%,358,35,15,2,0,1,0,2.92,9.00,2.85,,
"(4V19) (666GF) Rock Springs, WY",361,357,98.89%,4,1.11%,337,15,5,3,1,0,0,1.24,5.35,3.32,,
"(4V19) (666QA) Afton, WY",91,88,96.70%,3,3.30%,84,2,2,3,0,0,0,3.40,6.25,0.00,,
"(4V19) (666QB) Evanston, WY",40,40,100.00%,0,0.00%,37,2,1,0,0,0,0,1.11,0.00,2.13,,
"(4V19) (666QC) Worland, WY",49,45,91.84%,4,8.16%,38,3,4,3,1,0,0,3.62,6.40,26.86,,
"(5V20) (463) Anchorage, AK HCS","7,720","7,620",98.70%,100,1.30%,"7,096",291,233,80,8,3,9,2.69,2.72,2.98,,
"(5V20) (463) Anchorage, AK","4,628","4,545",98.21%,83,1.79%,"4,128",230,187,65,7,3,8,4.25,2.65,4.15,,
"(5V20) (463BU) Anchorage, AK - VADOM",654,654,100.00%,0,0.00%,651,3,0,0,0,0,0,,,0.00,,
"(5V20) (463GA) Fairbanks, AK",725,720,99.31%,5,0.69%,674,26,20,5,0,0,0,1.50,1.61,2.28,,
"(5V20) (463GB) Kenai, AK",726,720,99.17%,6,0.83%,701,7,12,6,0,0,0,0.95,4.67,0.23,,
"(5V20) (463GC) Mat-Su, AK",664,659,99.25%,5,0.75%,624,22,13,4,0,0,1,2.80,7.00,1.32,,
"(5V20) (463GD) Homer, AK",85,85,100.00%,0,0.00%,81,3,1,0,0,0,0,0.34,,1.69,,
"(5V20) (463GE) Juneau, AK",238,237,99.58%,1,0.42%,237,0,0,0,1,0,0,0.11,5.14,0.05,,
"(5V20) (531) Boise, ID HCS","20,196","19,109",94.62%,"1,087",5.38%,"16,637",977,"1,495",856,178,35,18,7.43,7.21,1.65,,
"(5V20) (531) Boise, ID","17,075","16,142",94.54%,933,5.46%,"13,942",830,"1,370",758,137,25,13,8.64,7.04,1.76,,
"(5V20) (531GE) Twin Falls, ID",972,949,97.63%,23,2.37%,897,36,16,18,4,0,1,3.26,3.29,0.95,,
"(5V20) (531GG) Caldwell, ID","1,571","1,454",92.55%,117,7.45%,"1,269",89,96,73,34,7,3,7.12,14.75,2.13,,
"(5V20) (531GH) Burns, OR",102,101,99.02%,1,0.98%,98,3,0,1,0,0,0,0.97,,0.00,,
"(5V20) (531GI) Mountain Home, ID",304,302,99.34%,2,0.66%,286,10,6,1,1,0,0,1.59,1.40,0.27,,
"(5V20) (531GJ) Salmon, ID",146,135,92.47%,11,7.53%,119,9,7,5,2,3,1,10.84,13.00,0.13,,
(5V20) (531MA) IDES Mt Home AFB,12,12,100.00%,0,0.00%,12,0,0,0,0,0,0,,0.00,0.00,,
(5V20) (531MB) IDES Idaho ANG,14,14,100.00%,0,0.00%,14,0,0,0,0,0,0,,0.00,0.00,,
"(5V20) (648) Portland, OR HCS","45,064","41,713",92.56%,"3,351",7.44%,"35,195","2,727","3,791","2,453",632,178,88,6.96,12.56,2.57,,
"(5V20) (648) Portland, OR","22,233","20,378",91.66%,"1,855",8.34%,"17,100","1,331","1,947","1,258",445,109,43,8.68,11.88,1.56,,
"(5V20) (648A4) Vancouver, WA","7,791","7,017",90.07%,774,9.93%,"5,890",459,668,628,109,22,15,7.19,16.77,2.79,,
"Completed Appointment Wait Times National, Facility, and Division Level Summaries.
Wait Time Measured from Preferred Date For the Reporting Period Ending:  December 2017",Total Completed Appointments 1,Completed within 30 Days 2,Percent Appts Complete d in 30 Days or Less 3,Completed in Over 30 Days 4,Percent Appts Complete d in Over 30 Days 5,"Completed 0-7 Days
6","Completed 8-14
Days 7","Completed 15-30
Days 8","Completed 31-60
Days 9","Completed 61-90
Days 10","Completed 91-120
Days 11","Completed in more than 120
Days 12",PC Avg Wait Time in Days 13,SC Avg Wait Time in Days 14,MH Avg Wait Time in Days 15,,
"(5V20) (648BU) Vancouver, WA - VADOM",53,53,100.00%,0,0.00%,53,0,0,0,0,0,0,,,,,
"(5V20) (648GA) Bend, OR","2,499","2,369",94.80%,130,5.20%,"1,941",219,209,93,20,10,7,6.91,8.88,5.06,,
"(5V20) (648GB) Salem, OR","4,091","3,796",92.79%,295,7.21%,"3,060",268,468,247,24,15,9,5.74,14.28,8.42,,
"(5V20) (648GD) North Coast, OR",504,501,99.40%,3,0.60%,481,9,11,3,0,0,0,2.40,,0.59,,
"(5V20) (648GE) Fairview, OR","2,098","2,042",97.33%,56,2.67%,"1,885",77,80,36,6,6,8,11.67,12.57,0.87,,
"(5V20) (648GF) Hillsboro, OR","3,064","2,886",94.19%,178,5.81%,"2,387",233,266,150,11,13,4,7.62,8.15,3.74,,
"(5V20) (648GG) West Linn, OR","1,761","1,718",97.56%,43,2.44%,"1,535",78,105,24,14,3,2,4.39,18.00,2.28,,
"(5V20) (648GH) Newport, OR",323,314,97.21%,9,2.79%,292,18,4,8,1,0,0,4.98,,0.00,,
"(5V20) (648GI) Portland-1st Avenue, OR",201,198,98.51%,3,1.49%,171,16,11,3,0,0,0,2.05,,,,
"(5V20) (648GJ) The Dalles, OR
(Loren R. Kaufman)",446,441,98.88%,5,1.12%,400,19,22,3,2,0,0,2.69,0.00,0.00,,
"(5V20) (653) Roseburg, OR HCS","17,782","17,168",96.55%,614,3.45%,"15,173",903,"1,092",483,104,21,6,4.99,6.40,2.11,,
"(5V20) (653) Roseburg, OR","8,695","8,368",96.24%,327,3.76%,"7,469",366,533,270,48,8,1,5.34,6.39,2.45,,
"(5V20) (653BV) Roseburg, OR - VADOM",2,2,100.00%,0,0.00%,2,0,0,0,0,0,0,,,,,
"(5V20) (653BY) Eugene, OR","7,070","6,837",96.70%,233,3.30%,"5,946",430,461,180,42,8,3,4.04,6.43,2.07,,
"(5V20) (653GA) North Bend, OR",901,888,98.56%,13,1.44%,718,92,78,12,1,0,0,5.00,6.96,3.07,,
"(5V20) (653GB) Brookings, OR",424,392,92.45%,32,7.55%,363,12,17,13,12,5,2,12.43,1.50,4.32,,
"(5V20) (653QA) Downtown Eugene, OR",690,681,98.70%,9,1.30%,675,3,3,8,1,0,0,,,0.86,,
"(5V20) (663) Puget Sound, WA HCS","54,207","51,113",94.29%,"3,094",5.71%,"45,108","2,607","3,398","2,200",613,186,95,6.24,9.36,2.38,,
"(5V20) (663) Seattle, WA","26,283","24,768",94.24%,"1,515",5.76%,"21,848","1,247","1,673","1,100",274,84,57,5.93,9.15,2.74,,
"(5V20) (663A4) American Lake, WA","20,644","19,467",94.30%,"1,177",5.70%,"17,195",948,"1,324",833,243,81,20,6.04,9.33,1.95,,
"(5V20) (663GA) Bellevue, WA","1,747","1,643",94.05%,104,5.95%,"1,439",97,107,82,19,1,2,6.99,3.14,0.58,,
"(5V20) (663GB) Bremerton, WA","1,159","1,146",98.88%,13,1.12%,"1,035",68,43,8,1,1,3,5.20,0.38,0.10,,
"(5V20) (663GC) Mount Vernon, WA","2,341","2,161",92.31%,180,7.69%,"1,954",100,107,100,57,15,8,6.04,15.31,0.06,,
"(5V20) (663GD) South Sound, WA","1,073",978,91.15%,95,8.85%,791,85,102,70,18,4,3,10.37,4.87,10.94,,
"(5V20) (663GE) North Olympic Peninsula, WA",718,713,99.30%,5,0.70%,621,58,34,3,1,0,1,5.39,11.36,0.82,,
"(5V20) (663HK) Puget Sound, WA -
Mobile",240,235,97.92%,5,2.08%,225,4,6,4,0,0,1,2.64,,,,
(5V20) (663MA) IDES Fort Lewis,2,2,100.00%,0,0.00%,0,0,2,0,0,0,0,,21.00,21.00,,
"(5V20) (668) Spokane, WA HCS","18,285","17,442",95.39%,843,4.61%,"15,394",883,"1,165",625,149,44,25,3.36,8.11,2.02,,
"(5V20) (668) Spokane, WA (Mann- Grandstaff)","15,064","14,307",94.97%,757,5.03%,"12,454",802,"1,051",558,135,42,22,4.28,8.43,1.97,,
"(5V20) (668GA) Wenatchee, WA","1,053","1,015",96.39%,38,3.61%,952,23,40,23,11,1,3,2.39,7.87,3.91,,
"(5V20) (668GB) Coeur d Alene, ID","1,771","1,725",97.40%,46,2.60%,"1,605",50,70,43,2,1,0,2.50,4.08,1.75,,
"(5V20) (668HK) Spokane, WA -
Mobile",49,49,100.00%,0,0.00%,48,1,0,0,0,0,0,0.67,,,,
"(5V20) (668QB) Libby, MT",119,119,100.00%,0,0.00%,119,0,0,0,0,0,0,0.12,,0.00,,
"(5V20) (668QD) Sandpoint, ID",229,227,99.13%,2,0.87%,216,7,4,1,1,0,0,1.36,,,,
"(5V20) (687) Walla Walla, WA HCS","6,943","6,700",96.50%,243,3.50%,"5,894",387,419,162,49,17,15,4.78,7.56,1.65,,
"(5V20) (687) Walla Walla, WA (Jonathan M. Wainwright)","3,663","3,474",94.84%,189,5.16%,"2,968",235,271,122,39,15,13,5.89,8.00,1.25,,
"(5V20) (687GA) Richland, WA",948,936,98.73%,12,1.27%,831,52,53,10,2,0,0,4.34,4.00,2.52,,
"(5V20) (687GB) Lewiston, ID",643,627,97.51%,16,2.49%,556,39,32,13,2,0,1,4.04,0.00,4.24,,
"(5V20) (687GC) La Grande, OR",288,288,100.00%,0,0.00%,243,13,32,0,0,0,0,5.04,0.13,0.00,,
"(5V20) (687HA) Yakima, WA","1,301","1,275",98.00%,26,2.00%,"1,196",48,31,17,6,2,1,4.80,0.70,0.85,,
"(5V20) (687QA) Grangeville, ID",61,61,100.00%,0,0.00%,61,0,0,0,0,0,0,0.33,,,,
"Completed Appointment Wait Times National, Facility, and Division Level Summaries.
Wait Time Measured from Preferred Date For the Reporting Period Ending:  December 2017",Total Completed Appointments 1,Completed within 30 Days 2,Percent Appts Complete d in 30 Days or Less 3,Completed in Over 30 Days 4,Percent Appts Complete d in Over 30 Days 5,"Completed 0-7 Days
6","Completed 8-14
Days 7","Completed 15-30
Days 8","Completed 31-60
Days 9","Completed 61-90
Days 10","Completed 91-120
Days 11","Completed in more than 120
Days 12",PC Avg Wait Time in Days 13,SC Avg Wait Time in Days 14,MH Avg Wait Time in Days 15,,
"(5V20) (687QB) Morrow County, OR",33,33,100.00%,0,0.00%,33,0,0,0,0,0,0,0.08,0.00,,,
"(5V20) (687QC) Wallowa County, OR",6,6,100.00%,0,0.00%,6,0,0,0,0,0,0,0.17,,,,
"(5V20) (692) White City, OR HCS","9,177","8,781",95.68%,396,4.32%,"7,856",384,541,273,69,13,41,8.09,6.95,4.07,,
"(5V20) (692) White City, OR","7,830","7,509",95.90%,321,4.10%,"6,723",326,460,241,49,7,24,6.02,6.97,3.49,,
"(5V20) (692GA) Klamath Falls, OR",935,883,94.44%,52,5.56%,780,48,55,24,20,6,2,4.31,8.03,9.77,,
"(5V20) (692GB) Grants Pass, OR",412,389,94.42%,23,5.58%,353,10,26,8,0,0,15,19.39,2.48,1.43,,
"(5V21) (358) Manila, PI HCS","1,060",965,91.04%,95,8.96%,717,105,143,41,32,9,13,9.44,14.07,17.78,,
"(5V21) (358) Manila, PI","1,060",965,91.04%,95,8.96%,717,105,143,41,32,9,13,9.44,14.07,17.78,,
"(5V21) (459) Honolulu, HI HCS","14,218","13,600",95.65%,618,4.35%,"12,013",810,777,355,167,69,27,5.34,8.20,2.75,,
"(5V21) (459) Honolulu, HI (Spark M. Matsunaga)","8,896","8,517",95.74%,379,4.26%,"7,631",407,479,236,113,24,6,5.47,6.85,1.03,,
"(5V21) (459GA) Maui, HI",945,926,97.99%,19,2.01%,870,29,27,15,1,1,2,2.20,10.81,1.55,,
"(5V21) (459GB) Hilo, HI",791,714,90.27%,77,9.73%,584,85,45,46,17,11,3,7.64,23.15,3.49,,
"(5V21) (459GC) Kailua-Kona, HI",666,635,95.35%,31,4.65%,534,53,48,17,8,3,3,3.47,24.66,4.46,,
"(5V21) (459GD) Lihue, HI",601,594,98.84%,7,1.16%,548,22,24,4,2,0,1,1.76,6.43,0.64,,
"(5V21) (459GE) Guam, GU",717,665,92.75%,52,7.25%,587,25,53,15,6,20,11,10.73,11.67,9.63,,
"(5V21) (459GF) American Samoa, AS (Faleomavaega Eni Faauaa Hunkin)",547,537,98.17%,10,1.83%,401,109,27,6,3,1,0,3.61,15.99,2.47,,
"(5V21) (459GG) Leeward Oahu, HI",892,849,95.18%,43,4.82%,697,80,72,16,17,9,1,7.02,44.07,6.24,,
"(5V21) (459GH) Saipan, MP",73,73,100.00%,0,0.00%,73,0,0,0,0,0,0,0.00,0.00,0.00,,
(5V21) (459MA) IDES Honolulu C&P,4,4,100.00%,0,0.00%,4,0,0,0,0,0,0,,0.00,,,
"(5V21) (459QB) Molokai, HI",86,86,100.00%,0,0.00%,84,0,2,0,0,0,0,0.02,,2.32,,
"(5V21) (570) Fresno, CA HCS","19,578","18,800",96.03%,778,3.97%,"16,551","1,140","1,109",505,172,95,6,1.23,8.59,0.86,,
"(5V21) (570) Fresno, CA","16,976","16,217",95.53%,759,4.47%,"14,087","1,067","1,063",488,171,94,6,1.59,8.76,0.79,,
"(5V21) (570GA) Merced, CA",797,782,98.12%,15,1.88%,738,30,14,15,0,0,0,0.60,8.49,0.80,,
"(5V21) (570GB) Tulare, CA","1,353","1,350",99.78%,3,0.22%,"1,309",25,16,2,0,1,0,0.53,2.44,1.09,,
"(5V21) (570GC) Oakhurst, CA",452,451,99.78%,1,0.22%,417,18,16,0,1,0,0,0.47,5.46,1.52,,
(5V21) (612A4) N. California HCS,"59,624","56,577",94.89%,"3,047",5.11%,"51,192","2,381","3,004","2,078",638,209,122,3.43,8.57,1.26,,
"(5V21) (612A4) Sacramento, CA","21,314","19,976",93.72%,"1,338",6.28%,"18,222",823,931,843,331,102,62,3.82,9.30,1.94,,
"(5V21) (612B4) Redding, CA","5,130","4,861",94.76%,269,5.24%,"4,407",202,252,165,77,13,14,2.08,14.41,3.38,,
"(5V21) (612BY) Oakland, CA","2,820","2,603",92.30%,217,7.70%,"2,241",158,204,178,26,7,6,4.87,11.28,0.74,,
"(5V21) (612GD) Fairfield-Travis Air Force Base, CA","1,863","1,767",94.85%,96,5.15%,"1,541",83,143,57,23,10,6,5.89,13.88,0.37,,
"(5V21) (612GE) Mare Island-Vallejo, CA","1,871","1,841",98.40%,30,1.60%,"1,763",48,30,17,7,6,0,1.32,2.19,0.87,,
"(5V21) (612GF) Martinez, CA","11,240","10,636",94.63%,604,5.37%,"9,278",590,768,437,102,49,16,3.23,9.91,0.68,,
"(5V21) (612GG) Chico, CA","1,674","1,647",98.39%,27,1.61%,"1,525",67,55,21,6,0,0,1.97,3.50,,,
"(5V21) (612GH) McClellan Park, CA","7,550","7,327",97.05%,223,2.95%,"6,690",248,389,182,24,5,12,3.98,4.47,1.19,,
"(5V21) (612GI) Yuba City, CA","1,067","1,049",98.31%,18,1.69%,"1,002",24,23,18,0,0,0,2.78,10.85,0.10,,
"(5V21) (612GJ) Yreka, CA",285,284,99.65%,1,0.35%,271,7,6,1,0,0,0,0.69,2.27,1.43,,
"(5V21) (612QA) Cohasset, CA","1,100","1,027",93.36%,73,6.64%,923,34,70,28,26,13,6,,10.25,1.10,,
"(5V21) (612QB) Twenty First Street, CA","1,734","1,728",99.65%,6,0.35%,"1,721",5,2,3,2,1,0,,,0.22,,
"(5V21) (612QC) Cypress Avenue, CA","1,304","1,159",88.88%,145,11.12%,936,92,131,128,14,3,0,,8.73,,,
"(5V21) (612QD) Howe Road, CA",672,672,100.00%,0,0.00%,672,0,0,0,0,0,0,,,,,
"(5V21) (640) Palo Alto, CA HCS","36,882","34,971",94.82%,"1,911",5.18%,"29,611","2,472","2,888","1,534",297,50,30,6.86,7.47,3.78,,
"(5V21) (640) Palo Alto, CA","15,307","14,595",95.35%,712,4.65%,"12,472",979,"1,144",593,84,22,13,6.22,6.68,2.46,,
"Completed Appointment Wait Times National, Facility, and Division Level Summaries.
Wait Time Measured from Preferred Date For the Reporting Period Ending:  December 2017",Total Completed Appointments 1,Completed within 30 Days 2,Percent Appts Complete d in 30 Days or Less 3,Completed in Over 30 Days 4,Percent Appts Complete d in Over 30 Days 5,"Completed 0-7 Days
6","Completed 8-14
Days 7","Completed 15-30
Days 8","Completed 31-60
Days 9","Completed 61-90
Days 10","Completed 91-120
Days 11","Completed in more than 120
Days 12",PC Avg Wait Time in Days 13,SC Avg Wait Time in Days 14,MH Avg Wait Time in Days 15,,
"(5V21) (640A0) Menlo Park, CA","1,803","1,779",98.67%,24,1.33%,"1,642",80,57,21,3,0,0,3.11,6.84,1.44,,
"(5V21) (640A4) Livermore, CA","5,162","4,816",93.30%,346,6.70%,"3,876",451,489,275,55,8,8,3.20,10.21,2.79,,
"(5V21) (640BY) San Jose, CA","4,196","4,083",97.31%,113,2.69%,"3,397",332,354,104,7,2,0,5.80,5.00,4.14,,
"(5V21) (640GA) Capitola, CA",97,97,100.00%,0,0.00%,70,15,12,0,0,0,0,5.12,,5.86,,
"(5V21) (640GB) Sonora, CA",782,703,89.90%,79,10.10%,571,49,83,74,5,0,0,11.13,0.00,4.03,,
"(5V21) (640GC) Fremont, CA",680,669,98.38%,11,1.62%,552,68,49,8,1,0,2,4.03,,5.67,,
"(5V21) (640HA) Stockton, CA","2,279","2,085",91.49%,194,8.51%,"1,759",118,208,144,48,1,1,11.55,9.09,6.89,,
"(5V21) (640HB) Modesto, CA","2,753","2,589",94.04%,164,5.96%,"2,271",148,170,111,49,1,3,8.94,3.88,4.49,,
"(5V21) (640HC) Monterey, CA (Major General William H. Gourley)","3,764","3,496",92.88%,268,7.12%,"2,942",232,322,204,45,16,3,4.92,10.11,4.27,,
"(5V21) (640QA) Palo Alto 1, CA -
Mobile",56,56,100.00%,0,0.00%,56,0,0,0,0,0,0,,0.00,,,
"(5V21) (640QB) Palo Alto 2, CA -
Mobile",3,3,100.00%,0,0.00%,3,0,0,0,0,0,0,,0.00,,,
"(5V21) (654) Reno, NV HCS","23,011","22,199",96.47%,812,3.53%,"20,216","1,003",980,668,127,9,8,5.18,4.85,1.90,,
"(5V21) (654) Reno, NV (Ioannis A. Lougaris)","16,343","15,713",96.15%,630,3.85%,"14,245",727,741,545,76,4,5,4.63,6.23,1.37,,
"(5V21) (654GA) Sierra Foothills, CA",981,957,97.55%,24,2.45%,895,46,16,13,8,2,1,3.36,5.26,2.46,,
"(5V21) (654GB) Carson Valley, NV",709,632,89.14%,77,10.86%,484,67,81,53,24,0,0,11.17,3.40,6.44,,
"(5V21) (654GC) Lahontan Valley, NV",710,682,96.06%,28,3.94%,628,29,25,25,2,1,0,4.54,2.26,5.16,,
"(5V21) (654GD) Diamond View, CA",407,399,98.03%,8,1.97%,383,2,14,8,0,0,0,3.02,0.00,2.88,,
"(5V21) (654GE) Reno East, NV","1,934","1,906",98.55%,28,1.45%,"1,750",100,56,9,16,1,2,4.39,0.08,3.07,,
"(5V21) (654QA) Kietzke, NV","1,097","1,097",100.00%,0,0.00%,"1,094",2,1,0,0,0,0,,0.06,,,
"(5V21) (654QB) Capitol Hill, NV",14,14,100.00%,0,0.00%,14,0,0,0,0,0,0,,,,,
"(5V21) (654QC) Winnemucca, NV",76,71,93.42%,5,6.58%,54,7,10,5,0,0,0,9.36,0.00,0.29,,
"(5V21) (654QD) Virginia Street, NV",740,728,98.38%,12,1.62%,669,23,36,10,1,1,0,,2.48,,,
"(5V21) (662) San Francisco, CA HCS","31,577","30,318",96.01%,"1,259",3.99%,"27,362","1,502","1,454",884,244,82,49,8.40,6.16,2.79,,
"(5V21) (662) San Francisco, CA","22,353","21,796",97.51%,557,2.49%,"20,000",887,909,450,73,24,10,6.87,5.05,0.29,,
"(5V21) (662GA) Santa Rosa, CA","3,710","3,310",89.22%,400,10.78%,"2,717",282,311,225,90,52,33,13.64,12.69,8.15,,
"(5V21) (662GC) Eureka, CA","2,068","1,924",93.04%,144,6.96%,"1,700",129,95,111,32,1,0,8.05,7.58,3.64,,
"(5V21) (662GD) Ukiah, CA","1,021",982,96.18%,39,3.82%,869,69,44,31,5,2,1,6.01,5.67,6.24,,
"(5V21) (662GE) San Bruno, CA",762,756,99.21%,6,0.79%,724,18,14,5,1,0,0,1.28,2.38,0.46,,
"(5V21) (662GF) San Francisco Downtown, CA",746,742,99.46%,4,0.54%,663,52,27,4,0,0,0,1.71,2.52,4.33,,
"(5V21) (662GG) Clearlake, CA",917,808,88.11%,109,11.89%,689,65,54,58,43,3,5,16.36,4.42,8.57,,
"(5V21) (593) Las Vegas, NV HCS","42,909","39,470",91.99%,"3,439",8.01%,"33,783","2,326","3,361","2,511",617,232,79,3.64,11.64,4.16,,
"(5V21) (593) Las Vegas, NV","27,994","25,086",89.61%,"2,908",10.39%,"21,235","1,409","2,442","2,112",520,219,57,6.44,11.68,2.44,,
"(5V21) (593GC) Pahrump, NV",866,837,96.65%,29,3.35%,791,24,22,17,11,0,1,1.21,4.14,7.97,,
"(5V21) (593GD) Northwest Las Vegas, NV","4,088","3,899",95.38%,189,4.62%,"3,337",295,267,133,43,4,9,3.64,12.68,5.70,,
"(5V21) (593GE) Southeast Las Vegas, NV","2,901","2,810",96.86%,91,3.14%,"2,475",191,144,70,14,3,4,3.12,8.00,5.57,,
"(5V21) (593GF) Southwest Las Vegas, NV","3,850","3,715",96.49%,135,3.51%,"3,238",224,253,112,16,1,6,2.75,13.73,4.26,,
"(5V21) (593GG) Northeast Las Vegas, NV","2,903","2,834",97.62%,69,2.38%,"2,498",163,173,51,12,5,1,3.70,5.49,4.12,,
"(5V21) (593GH) Laughlin, NV (Master Chief Petty Officer Jesse Dean)",242,224,92.56%,18,7.44%,146,19,59,16,1,0,1,10.40,17.21,15.53,,
"(5V21) (593QC) West Cheyenne, NV",65,65,100.00%,0,0.00%,63,1,1,0,0,0,0,,,1.16,,
(5V22) (501) New Mexico HCS,"30,100","28,532",94.79%,"1,568",5.21%,"24,680","1,867","1,985","1,015",377,93,83,5.93,8.15,4.72,,
"(5V22) (501) Albuquerque, NM (Raymond G. Murphy)","23,685","22,346",94.35%,"1,339",5.65%,"19,135","1,513","1,698",864,325,82,68,8.79,7.83,4.81,,
"Completed Appointment Wait Times National, Facility, and Division Level Summaries.
Wait Time Measured from Preferred Date For the Reporting Period Ending:  December 2017",Total Completed Appointments 1,Completed within 30 Days 2,Percent Appts Complete d in 30 Days or Less 3,Completed in Over 30 Days 4,Percent Appts Complete d in Over 30 Days 5,"Completed 0-7 Days
6","Completed 8-14
Days 7","Completed 15-30
Days 8","Completed 31-60
Days 9","Completed 61-90
Days 10","Completed 91-120
Days 11","Completed in more than 120
Days 12",PC Avg Wait Time in Days 13,SC Avg Wait Time in Days 14,MH Avg Wait Time in Days 15,,
"(5V22) (501G2) Las Vegas, NM",277,274,98.92%,3,1.08%,254,10,10,1,0,2,0,3.38,0.00,0.21,,
"(5V22) (501GA) Artesia, NM",469,455,97.01%,14,2.99%,420,20,15,11,1,2,0,3.71,0.00,6.09,,
"(5V22) (501GB) Farmington, NM",681,671,98.53%,10,1.47%,594,52,25,6,3,0,1,2.98,0.00,4.06,,
"(5V22) (501GC) Silver City, NM",306,289,94.44%,17,5.56%,162,59,68,14,3,0,0,11.10,0.00,0.08,,
"(5V22) (501GD) Gallup, NM",423,420,99.29%,3,0.71%,408,8,4,3,0,0,0,0.73,0.00,2.40,,
"(5V22) (501GE) Espanola, NM",289,280,96.89%,9,3.11%,230,25,25,8,1,0,0,6.20,0.00,1.20,,
"(5V22) (501GH) Truth or Consequences, NM",390,390,100.00%,0,0.00%,387,3,0,0,0,0,0,0.28,0.00,0.00,,
"(5V22) (501GI) Alamogordo, NM",342,334,97.66%,8,2.34%,315,15,4,6,1,0,1,2.72,0.13,2.57,,
"(5V22) (501GJ) Durango, CO",611,590,96.56%,21,3.44%,549,16,25,13,5,3,0,5.07,0.00,1.31,,
"(5V22) (501GK) Santa Fe, NM",652,641,98.31%,11,1.69%,582,34,25,9,2,0,0,2.23,0.00,5.68,,
"(5V22) (501GM) Northwest Metro, NM","1,441","1,316",91.33%,125,8.67%,"1,136",100,80,74,34,4,13,3.79,21.72,9.13,,
"(5V22) (501GN) Taos, NM",321,313,97.51%,8,2.49%,302,6,5,6,2,0,0,2.13,0.00,1.40,,
"(5V22) (501HB) Raton, NM",203,203,100.00%,0,0.00%,196,6,1,0,0,0,0,1.21,1.56,0.00,,
(5V22) (501MA) IDES Kirtland AFB,10,10,100.00%,0,0.00%,10,0,0,0,0,0,0,,0.00,0.00,,
"(5V22) (644) Phoenix, AZ HCS","55,253","51,465",93.14%,"3,788",6.86%,"44,342","2,984","4,139","2,750",616,326,96,7.16,9.40,4.17,,
"(5V22) (644) Phoenix, AZ (Carl T. Hayden)","33,701","31,112",92.32%,"2,589",7.68%,"26,410","1,811","2,891","1,941",361,219,68,3.84,10.46,4.01,,
"(5V22) (644BY) Southeast, AZ","8,431","7,956",94.37%,475,5.63%,"7,003",467,486,288,109,68,10,7.88,6.59,4.81,,
"(5V22) (644GA) Northwest, AZ","4,794","4,601",95.97%,193,4.03%,"4,246",154,201,147,30,9,7,4.89,3.49,6.13,,
"(5V22) (644GB) Show Low, AZ",918,906,98.69%,12,1.31%,798,63,45,9,2,0,1,4.31,4.54,0.37,,
"(5V22) (644GC) Southwest, AZ","1,111","1,061",95.50%,50,4.50%,864,88,109,24,8,18,0,9.03,3.71,2.18,,
"(5V22) (644GD) Payson, AZ",277,277,100.00%,0,0.00%,274,1,2,0,0,0,0,0.10,0.00,3.81,,
"(5V22) (644GE) Thunderbird, AZ","1,662","1,558",93.74%,104,6.26%,"1,335",108,115,95,6,3,0,9.12,5.17,1.80,,
"(5V22) (644GF) Globe, AZ",199,193,96.98%,6,3.02%,179,11,3,4,2,0,0,1.05,28.00,7.68,,
"(5V22) (644GG) Northeast Phoenix- Via Linda Road, AZ",890,807,90.67%,83,9.33%,680,61,66,60,23,0,0,11.01,1.53,8.63,,
"(5V22) (644GH) Phoenix Midtown, AZ","3,209","2,933",91.40%,276,8.60%,"2,492",220,221,182,75,9,10,11.18,2.30,2.16,,
"(5V22) (644QA) Phoenix-East Thomas Road, AZ",61,61,100.00%,0,0.00%,61,0,0,0,0,0,0,,,,,
(5V22) (649) Northern Arizona HCS,"14,038","13,460",95.88%,578,4.12%,"12,096",664,700,447,90,24,17,5.29,10.55,1.27,,
"(5V22) (649) Prescott, AZ (Bob Stump)","9,705","9,271",95.53%,434,4.47%,"8,374",414,483,346,59,17,12,4.18,10.83,1.77,,
"(5V22) (649GA) Kingman, AZ","1,357","1,302",95.95%,55,4.05%,"1,139",101,62,44,8,3,0,7.87,2.77,0.63,,
"(5V22) (649GB) Flagstaff, AZ",571,564,98.77%,7,1.23%,526,21,17,7,0,0,0,2.92,1.96,0.00,,
"(5V22) (649GC) Lake Havasu City, AZ","1,193","1,160",97.23%,33,2.77%,"1,051",55,54,22,7,1,3,5.69,6.89,0.72,,
"(5V22) (649GD) Anthem, AZ",405,398,98.27%,7,1.73%,336,37,25,4,2,0,1,5.34,4.38,0.76,,
"(5V22) (649GE) Cottonwood, AZ",669,627,93.72%,42,6.28%,538,36,53,24,14,3,1,8.50,0.00,0.87,,
"(5V22) (649QA) Chinle, AZ",19,19,100.00%,0,0.00%,19,0,0,0,0,0,0,0.00,,0.50,,
"(5V22) (649QB) Holbrook, AZ",48,48,100.00%,0,0.00%,42,0,6,0,0,0,0,7.25,,0.00,,
"(5V22) (649QD) Page, AZ",25,25,100.00%,0,0.00%,25,0,0,0,0,0,0,1.56,,0.00,,
"(5V22) (649QF) Tuba City, AZ",21,21,100.00%,0,0.00%,21,0,0,0,0,0,0,0.00,,0.00,,
"(5V22) (649QG) Polacca, AZ",22,22,100.00%,0,0.00%,22,0,0,0,0,0,0,0.00,,0.00,,
"(5V22) (649QH) Kayenta, AZ",3,3,100.00%,0,0.00%,3,0,0,0,0,0,0,0.00,,,,
(5V22) (678) Southern Arizona HCS,"34,482","33,146",96.13%,"1,336",3.87%,"28,568","2,145","2,433","1,103",187,33,13,3.81,6.63,2.38,,
"(5V22) (678) Tucson, AZ","26,229","25,056",95.53%,"1,173",4.47%,"21,398","1,645","2,013",959,174,30,10,4.08,7.14,2.04,,
"(5V22) (678GA) Sierra Vista, AZ","1,501","1,450",96.60%,51,3.40%,"1,281",81,88,48,3,0,0,3.21,5.34,2.59,,
"Completed Appointment Wait Times National, Facility, and Division Level Summaries.
Wait Time Measured from Preferred Date For the Reporting Period Ending:  December 2017",Total Completed Appointments 1,Completed within 30 Days 2,Percent Appts Complete d in 30 Days or Less 3,Completed in Over 30 Days 4,Percent Appts Complete d in Over 30 Days 5,"Completed 0-7 Days
6","Completed 8-14
Days 7","Completed 15-30
Days 8","Completed 31-60
Days 9","Completed 61-90
Days 10","Completed 91-120
Days 11","Completed in more than 120
Days 12",PC Avg Wait Time in Days 13,SC Avg Wait Time in Days 14,MH Avg Wait Time in Days 15,,
"(5V22) (678GB) Yuma, AZ","1,491","1,477",99.06%,14,0.94%,"1,419",34,24,13,1,0,0,1.55,1.04,2.62,,
"(5V22) (678GC) Casa Grande, AZ","1,569","1,534",97.77%,35,2.23%,"1,352",106,76,30,4,1,0,3.62,3.60,3.73,,
"(5V22) (678GD) Safford, AZ",265,260,98.11%,5,1.89%,213,36,11,5,0,0,0,3.77,3.38,5.00,,
"(5V22) (678GE) Green Valley, AZ",310,290,93.55%,20,6.45%,255,17,18,17,1,2,0,8.98,3.76,1.86,,
"(5V22) (678GF) Northwest Tucson, AZ","1,700","1,679",98.76%,21,1.24%,"1,425",118,136,16,2,0,3,4.04,6.24,2.95,,
"(5V22) (678GG) Southeast Tucson, AZ","1,377","1,360",98.77%,17,1.23%,"1,215",88,57,15,2,0,0,3.94,3.28,2.42,,
(5V22) (678MA) IDES Davis-Monthan AFB,21,21,100.00%,0,0.00%,9,8,4,0,0,0,0,,9.76,7.75,,
(5V22) (678MB) IDES Fort Huachuca,19,19,100.00%,0,0.00%,1,12,6,0,0,0,0,,13.19,9.33,,
"(5V22) (600) Long Beach, CA HCS","51,317","49,590",96.63%,"1,727",3.37%,"44,713","2,269","2,608","1,390",240,58,39,4.73,5.71,3.85,,
"(5V22) (600) Long Beach, CA","45,451","43,888",96.56%,"1,563",3.44%,"39,946","1,819","2,123","1,241",228,56,38,4.81,5.53,3.31,,
"(5V22) (600GA) Anaheim, CA","1,174","1,092",93.02%,82,6.98%,928,81,83,78,3,0,1,6.67,0.00,9.59,,
"(5V22) (600GB) Santa Ana, CA","1,928","1,872",97.10%,56,2.90%,"1,399",203,270,52,4,0,0,3.06,10.97,4.88,,
"(5V22) (600GC) Cabrillo, CA",911,911,100.00%,0,0.00%,903,6,2,0,0,0,0,0.49,,1.70,,
"(5V22) (600GD) Santa Fe Springs, CA","1,003",991,98.80%,12,1.20%,868,70,53,7,4,1,0,3.78,4.64,4.13,,
"(5V22) (600GE) Laguna Hills, CA",850,836,98.35%,14,1.65%,669,90,77,12,1,1,0,5.03,0.00,5.50,,
"(5V22) (605) Loma Linda, CA HCS","46,659","44,150",94.62%,"2,509",5.38%,"38,714","2,521","2,915","1,921",421,115,52,3.60,7.86,4.84,,
"(5V22) (605) Loma Linda, CA (Jerry L. Pettis)","22,208","20,796",93.64%,"1,412",6.36%,"18,202","1,202","1,392","1,047",231,92,42,1.70,8.08,5.12,,
"(5V22) (605BZ) Loma Linda, CA","17,478","16,554",94.71%,924,5.29%,"14,442",962,"1,150",716,179,21,8,4.79,7.60,3.89,,
"(5V22) (605GA) Victorville, CA","1,098","1,069",97.36%,29,2.64%,952,72,45,22,6,1,0,1.60,,8.98,,
"(5V22) (605GB) Murrieta, CA","1,543","1,483",96.11%,60,3.89%,"1,233",131,119,59,1,0,0,5.03,4.57,6.26,,
"(5V22) (605GC) Palm Desert, CA","2,060","2,021",98.11%,39,1.89%,"1,899",57,65,37,2,0,0,0.85,5.25,2.51,,
"(5V22) (605GD) Corona, CA",797,769,96.49%,28,3.51%,639,62,68,26,2,0,0,1.64,,10.97,,
"(5V22) (605GE) Rancho Cucamonga, CA","1,443","1,426",98.82%,17,1.18%,"1,315",35,76,14,0,1,2,0.08,12.09,6.54,,
"(5V22) (605QA) Blythe, CA",32,32,100.00%,0,0.00%,32,0,0,0,0,0,0,0.00,,0.00,,
"(5V22) (664) San Diego, CA HCS","49,948","48,416",96.93%,"1,532",3.07%,"43,462","2,050","2,904","1,211",244,59,18,1.84,6.35,2.97,,
"(5V22) (664) San Diego, CA","31,211","30,197",96.75%,"1,014",3.25%,"27,428","1,195","1,574",765,185,53,11,1.54,5.72,1.29,,
"(5V22) (664BU) San Diego, CA - VADOM",78,78,100.00%,0,0.00%,75,3,0,0,0,0,0,,,,,
"(5V22) (664BV) San Diego, CA - VADOM",4,4,100.00%,0,0.00%,4,0,0,0,0,0,0,,,,,
"(5V22) (664BY) Mission Valley, CA","8,707","8,498",97.60%,209,2.40%,"7,311",355,832,165,39,4,1,1.80,10.17,6.18,,
"(5V22) (664GA) Imperial Valley, CA",478,473,98.95%,5,1.05%,445,23,5,2,1,0,2,1.30,4.56,4.37,,
"(5V22) (664GB) Oceanside, CA","6,134","5,892",96.05%,242,3.95%,"5,325",240,327,220,17,2,3,1.43,6.39,1.82,,
"(5V22) (664GC) Chula Vista, CA","1,770","1,712",96.72%,58,3.28%,"1,499",102,111,56,2,0,0,1.89,9.40,4.22,,
"(5V22) (664GD) Escondido, CA","1,089","1,085",99.63%,4,0.37%,907,126,52,3,0,0,1,4.84,0.00,2.93,,
"(5V22) (664QA) Rio, CA",477,477,100.00%,0,0.00%,468,6,3,0,0,0,0,,,0.19,,
"(5V22) (691) Greater Los Angeles, CA HCS","55,800","53,054",95.08%,"2,746",4.92%,"46,238","2,936","3,880","2,040",541,129,36,3.98,8.06,3.39,,
"(5V22) (691) West Los Angeles, CA","24,659","23,416",94.96%,"1,243",5.04%,"20,685","1,210","1,521",989,186,46,22,2.80,6.98,3.25,,
"(5V22) (691A4) Sepulveda, CA","12,941","11,979",92.57%,962,7.43%,"10,245",795,939,618,263,68,13,2.49,12.01,2.32,,
"(5V22) (691GB) Santa Barbara, CA",716,713,99.58%,3,0.42%,674,24,15,2,1,0,0,1.36,4.33,1.38,,
"(5V22) (691GC) Gardena, CA",655,655,100.00%,0,0.00%,654,1,0,0,0,0,0,0.05,0.02,0.06,,
"(5V22) (691GD) Bakersfield, CA","3,025","2,935",97.02%,90,2.98%,"2,489",157,289,74,9,7,0,4.92,6.52,3.79,,
"(5V22) (691GE) Los Angeles-East Temple, CA","7,130","7,011",98.33%,119,1.67%,"6,378",311,322,105,11,2,1,3.46,4.82,2.74,,
"Completed Appointment Wait Times National, Facility, and Division Level Summaries.
Wait Time Measured from Preferred Date For the Reporting Period Ending:  December 2017",Total Completed Appointments 1,Completed within 30 Days 2,Percent Appts Complete d in 30 Days or Less 3,Completed in Over 30 Days 4,Percent Appts Complete d in Over 30 Days 5,"Completed 0-7 Days
6","Completed 8-14
Days 7","Completed 15-30
Days 8","Completed 31-60
Days 9","Completed 61-90
Days 10","Completed 91-120
Days 11","Completed in more than 120
Days 12",PC Avg Wait Time in Days 13,SC Avg Wait Time in Days 14,MH Avg Wait Time in Days 15,,
"(5V22) (691GF) East Los Angeles, CA",702,702,100.00%,0,0.00%,701,1,0,0,0,0,0,0.06,,0.20,,
"(5V22) (691GG) Antelope Valley, CA",930,825,88.71%,105,11.29%,673,56,96,84,19,2,0,11.40,11.96,3.94,,
"(5V22) (691GK) San Luis Obispo, CA","1,089","1,037",95.22%,52,4.78%,799,85,153,29,21,2,0,6.85,20.68,7.25,,
"(5V22) (691GL) Santa Maria, CA","2,083","1,984",95.25%,99,4.75%,"1,627",141,216,72,26,1,0,6.79,5.07,10.69,,
"(5V22) (691GM) Oxnard, CA","1,870","1,797",96.10%,73,3.90%,"1,313",155,329,67,5,1,0,9.96,5.17,4.67,,
"(3V23) (437) Fargo, ND HCS","17,040","16,626",97.57%,414,2.43%,"15,411",548,667,296,80,23,15,2.49,5.06,2.26,,
"(3V23) (437) Fargo, ND","11,068","10,712",96.78%,356,3.22%,"9,850",386,476,259,68,21,8,2.58,5.20,2.21,,
"(3V23) (437GA) Grafton, ND",253,248,98.02%,5,1.98%,233,7,8,3,2,0,0,3.07,0.00,4.05,,
"(3V23) (437GB) Bismarck, ND","1,405","1,395",99.29%,10,0.71%,"1,281",43,71,6,4,0,0,1.75,4.33,2.34,,
"(3V23) (437GC) Fergus Falls, MN",445,442,99.33%,3,0.67%,423,8,11,1,1,0,1,1.74,6.28,1.03,,
"(3V23) (437GD) Minot, ND",730,712,97.53%,18,2.47%,672,23,17,12,4,0,2,4.24,3.57,2.92,,
"(3V23) (437GE) Bemidji, MN","1,096","1,087",99.18%,9,0.82%,"1,002",42,43,8,0,1,0,3.08,1.76,2.55,,
"(3V23) (437GF) Williston, ND",399,399,100.00%,0,0.00%,397,2,0,0,0,0,0,0.11,2.56,0.85,,
"(3V23) (437GI) Grand Forks, ND",743,741,99.73%,2,0.27%,698,17,26,2,0,0,0,0.88,4.64,2.94,,
"(3V23) (437GJ) Dickinson, ND",427,420,98.36%,7,1.64%,392,15,13,1,1,1,4,7.63,1.62,2.00,,
"(3V23) (437GK) Jamestown, ND",302,298,98.68%,4,1.32%,293,3,2,4,0,0,0,1.58,0.73,1.15,,
"(3V23) (437GL) Devils Lake, ND",172,172,100.00%,0,0.00%,170,2,0,0,0,0,0,0.29,2.17,1.17,,
"(3V23) (438) Sioux Falls, SD HCS","17,196","16,566",96.34%,630,3.66%,"14,673",907,986,448,131,38,13,2.99,6.28,4.56,,
"(3V23) (438) Sioux Falls, SD (Royal C. Johnson)","13,496","12,948",95.94%,548,4.06%,"11,318",781,849,388,121,30,9,3.92,6.18,4.24,,
"(3V23) (438GA) Spirit Lake, IA",926,916,98.92%,10,1.08%,854,33,29,8,2,0,0,1.73,3.16,8.33,,
"(3V23) (438GC) Sioux City, IA","1,171","1,134",96.84%,37,3.16%,"1,054",42,38,20,7,7,3,1.55,10.45,24.46,,
"(3V23) (438GD) Aberdeen, SD",742,727,97.98%,15,2.02%,680,20,27,13,0,1,1,3.39,4.94,1.14,,
"(3V23) (438GE) Wagner, SD",120,117,97.50%,3,2.50%,100,8,9,2,1,0,0,4.07,11.58,8.00,,
"(3V23) (438GF) Watertown, SD",741,724,97.71%,17,2.29%,667,23,34,17,0,0,0,0.80,7.34,2.85,,
"(3V23) (568) Black Hills, SD HCS","10,384","9,778",94.16%,606,5.84%,"8,376",701,701,352,191,31,32,5.73,9.91,2.91,,
"(3V23) (568) Fort Meade, SD","5,508","5,086",92.34%,422,7.66%,"4,146",428,512,255,139,15,13,7.40,10.20,2.32,,
"(3V23) (568A4) Hot Springs, SD","2,547","2,464",96.74%,83,3.26%,"2,234",112,118,47,27,7,2,4.02,7.75,1.88,,
"(3V23) (568GA) Rapid City, SD","1,692","1,634",96.57%,58,3.43%,"1,475",115,44,31,19,7,1,2.50,15.19,3.13,,
"(3V23) (568GB) Pierre, SD",137,135,98.54%,2,1.46%,118,9,8,2,0,0,0,2.31,0.00,7.58,,
"(3V23) (568HA) Newcastle, WY",9,9,100.00%,0,0.00%,6,1,2,0,0,0,0,4.00,,18.00,,
"(3V23) (568HB) Gordon, NE",21,20,95.24%,1,4.76%,16,2,2,1,0,0,0,4.11,,28.00,,
"(3V23) (568HF) Pine Ridge, SD",9,9,100.00%,0,0.00%,6,2,1,0,0,0,0,7.00,,6.40,,
"(3V23) (568HH) Scottsbluff, NE",353,314,88.95%,39,11.05%,280,23,11,15,6,2,16,15.51,0.00,6.24,,
"(3V23) (568HJ) Mission, SD",20,20,100.00%,0,0.00%,20,0,0,0,0,0,0,0.00,0.00,,,
"(3V23) (568HP) Winner, SD",78,78,100.00%,0,0.00%,72,5,1,0,0,0,0,1.51,0.00,0.50,,
(3V23) (568MA) IDES Ellsworth AFB,10,9,90.00%,1,10.00%,3,4,2,1,0,0,0,,12.63,12.50,,
"(3V23) (618) Minneapolis, MN HCS","55,186","53,206",96.41%,"1,980",3.59%,"47,160","2,914","3,132","1,443",344,138,55,5.12,6.37,1.87,,
"(3V23) (618) Minneapolis, MN","39,501","38,032",96.28%,"1,469",3.72%,"33,558","2,115","2,359","1,152",228,44,45,4.97,6.29,1.53,,
"(3V23) (618BY) Twin Ports, WI","3,194","2,935",91.89%,259,8.11%,"2,692",115,128,127,86,42,4,7.14,11.34,3.00,,
"(3V23) (618GA) St. James, MN",192,192,100.00%,0,0.00%,185,7,0,0,0,0,0,0.76,0.00,2.09,,
"(3V23) (618GB) Hibbing, MN",906,904,99.78%,2,0.22%,820,55,29,1,1,0,0,2.97,0.71,3.71,,
"(3V23) (618GD) Maplewood, MN","1,661","1,603",96.51%,58,3.49%,"1,410",104,89,57,0,0,1,4.93,5.68,0.65,,
"(3V23) (618GE) Chippewa Valley, WI","1,459","1,450",99.38%,9,0.62%,"1,376",38,36,9,0,0,0,1.03,3.44,1.84,,
"Completed Appointment Wait Times National, Facility, and Division Level Summaries.
Wait Time Measured from Preferred Date For the Reporting Period Ending:  December 2017",Total Completed Appointments 1,Completed within 30 Days 2,Percent Appts Complete d in 30 Days or Less 3,Completed in Over 30 Days 4,Percent Appts Complete d in Over 30 Days 5,"Completed 0-7 Days
6","Completed 8-14
Days 7","Completed 15-30
Days 8","Completed 31-60
Days 9","Completed 61-90
Days 10","Completed 91-120
Days 11","Completed in more than 120
Days 12",PC Avg Wait Time in Days 13,SC Avg Wait Time in Days 14,MH Avg Wait Time in Days 15,,
"(3V23) (618GG) Rochester, MN","1,304","1,277",97.93%,27,2.07%,"1,128",66,83,26,1,0,0,3.93,4.59,3.63,,
"(3V23) (618GH) Hayward, WI",316,315,99.68%,1,0.32%,267,32,16,1,0,0,0,4.13,0.00,1.10,,
"(3V23) (618GI) Northwest Metro, MN","2,812","2,773",98.61%,39,1.39%,"2,419",135,219,32,3,2,2,4.26,3.98,2.73,,
"(3V23) (618GJ) Shakopee, MN",615,510,82.93%,105,17.07%,455,25,30,29,23,50,3,34.15,15.67,1.80,,
"(3V23) (618GK) Albert Lea, MN",593,592,99.83%,1,0.17%,544,27,21,1,0,0,0,2.08,4.73,1.89,,
"(3V23) (618GL) Minneapolis-Harmon Place, MN",685,685,100.00%,0,0.00%,684,1,0,0,0,0,0,0.00,,0.00,,
"(3V23) (618GM) Rice Lake, WI",661,656,99.24%,5,0.76%,583,42,31,4,1,0,0,3.17,0.08,3.33,,
"(3V23) (618GN) Mankato, MN (Lyle C. Pearson)",903,898,99.45%,5,0.55%,784,62,52,4,1,0,0,4.57,0.00,0.75,,
"(3V23) (618QA) Fort Snelling, MN",384,384,100.00%,0,0.00%,255,90,39,0,0,0,0,,6.10,,,
(3V23) (636A6) Central Iowa HCS,"19,742","18,961",96.04%,781,3.96%,"16,518","1,153","1,290",596,122,39,24,5.59,7.19,2.73,,
"(3V23) (6369AD) Des Moines, IA - CLC",1,1,100.00%,0,0.00%,1,0,0,0,0,0,0,,,,,
"(3V23) (636A6) Des Moines, IA","14,305","13,616",95.18%,689,4.82%,"11,550",958,"1,108",526,110,32,21,7.24,7.47,3.65,,
"(3V23) (636BU) Des Moines, IA - VADOM",662,662,100.00%,0,0.00%,662,0,0,0,0,0,0,,0.00,,,
"(3V23) (636GC) Mason City, IA","1,192","1,146",96.14%,46,3.86%,"1,013",62,71,42,4,0,0,5.21,6.70,2.76,,
"(3V23) (636GD) Marshalltown, IA",613,610,99.51%,3,0.49%,539,54,17,2,1,0,0,2.56,3.98,0.08,,
"(3V23) (636GK) Fort Dodge, IA","1,161","1,135",97.76%,26,2.24%,"1,073",28,34,12,7,7,0,3.54,6.70,0.51,,
"(3V23) (636GM) Carroll, IA",454,449,98.90%,5,1.10%,408,30,11,5,0,0,0,3.49,0.86,2.15,,
"(3V23) (636GR) Knoxville, IA","1,063","1,051",98.87%,12,1.13%,981,21,49,9,0,0,3,2.39,6.32,0.83,,
"(3V23) (636QB) Des Moines-Center Street, IA",291,291,100.00%,0,0.00%,291,0,0,0,0,0,0,,,,,
"(3V23) (636A8) Iowa City, IA HCS","23,059","21,827",94.66%,"1,232",5.34%,"18,770","1,478","1,579",967,177,60,28,3.42,8.80,2.95,,
"(3V23) (636A8) Iowa City, IA","11,679","10,581",90.60%,"1,098",9.40%,"8,557",868,"1,156",855,161,59,23,4.58,10.04,8.67,,
"(3V23) (636GF) Quad Cities, IA","1,549","1,516",97.87%,33,2.13%,"1,386",89,41,29,2,1,1,3.39,6.39,2.41,,
"(3V23) (636GG) Quincy, IL",881,859,97.50%,22,2.50%,697,93,69,20,2,0,0,5.20,2.36,7.75,,
"(3V23) (636GH) Waterloo, IA","1,131","1,114",98.50%,17,1.50%,978,98,38,14,3,0,0,3.56,4.31,3.28,,
"(3V23) (636GI) Galesburg, IL (Lane A. Evans)","1,253","1,244",99.28%,9,0.72%,"1,133",55,56,7,0,0,2,1.49,2.16,5.29,,
"(3V23) (636GJ) Dubuque, IA",771,765,99.22%,6,0.78%,696,33,36,3,3,0,0,3.74,0.76,1.98,,
"(3V23) (636GN) Cedar Rapids, IA","1,298","1,287",99.15%,11,0.85%,"1,113",89,85,11,0,0,0,4.16,3.14,3.56,,
"(3V23) (636GS) Ottumwa, IA",704,702,99.72%,2,0.28%,636,47,19,1,1,0,0,2.96,2.43,3.48,,
"(3V23) (636GT) Sterling, IL",804,794,98.76%,10,1.24%,729,38,27,7,2,0,1,1.41,3.76,6.04,,
"(3V23) (636GU) Decorah, IA",365,363,99.45%,2,0.55%,335,16,12,2,0,0,0,1.73,1.20,5.31,,
"(3V23) (636GW) Coralville, IA","2,141","2,125",99.25%,16,0.75%,"2,062",34,29,15,0,0,1,2.85,6.00,0.59,,
"(3V23) (636QC) Linn County, IA",37,37,100.00%,0,0.00%,32,5,0,0,0,0,0,,,2.95,,
"(3V23) (636QG) Iowa City, IA -
Mobile",59,54,91.53%,5,8.47%,52,1,1,2,3,0,0,,4.90,,,
"(3V23) (636QI) Davenport, IA",387,386,99.74%,1,0.26%,364,12,10,1,0,0,0,,,2.87,,
(3V23) (636) Nebraska-W Iowa HCS,"36,695","35,873",97.76%,822,2.24%,"33,211","1,369","1,293",526,221,61,14,2.07,5.42,1.53,,
"(3V23) (636) Omaha, NE","17,888","17,334",96.90%,554,3.10%,"15,756",778,800,347,158,38,11,2.28,6.15,2.80,,
"(3V23) (636A4) Grand Island, NE","6,365","6,359",99.91%,6,0.09%,"6,094",154,111,5,1,0,0,1.38,1.41,0.53,,
"(3V23) (636A5) Lincoln, NE","7,616","7,438",97.66%,178,2.34%,"6,894",309,235,123,32,21,2,2.13,6.21,0.72,,
"(3V23) (636BW) Grand Island, NE - VADOM",274,274,100.00%,0,0.00%,274,0,0,0,0,0,0,,,0.00,,
"(3V23) (636BX) Omaha, NE - VADOM",518,518,100.00%,0,0.00%,518,0,0,0,0,0,0,,,,,
"(3V23) (636GA) Norfolk, NE",729,728,99.86%,1,0.14%,689,24,15,1,0,0,0,2.04,1.56,1.02,,
"(3V23) (636GB) North Platte, NE",817,814,99.63%,3,0.37%,758,34,22,2,1,0,0,3.49,0.49,0.90,,
"Completed Appointment Wait Times National, Facility, and Division Level Summaries.
Wait Time Measured from Preferred Date For the Reporting Period Ending:  December 2017",Total Completed Appointments 1,Completed within 30 Days 2,Percent Appts Complete d in 30 Days or Less 3,Completed in Over 30 Days 4,Percent Appts Complete d in Over 30 Days 5,"Completed 0-7 Days
6","Completed 8-14
Days 7","Completed 15-30
Days 8","Completed 31-60
Days 9","Completed 61-90
Days 10","Completed 91-120
Days 11","Completed in more than 120
Days 12",PC Avg Wait Time in Days 13,SC Avg Wait Time in Days 14,MH Avg Wait Time in Days 15,,
"(3V23) (636GL) Bellevue, NE",899,835,92.88%,64,7.12%,773,26,36,32,29,2,1,2.65,14.37,0.48,,
"(3V23) (636GP) Shenandoah, IA",413,413,100.00%,0,0.00%,390,16,7,0,0,0,0,1.84,0.00,0.26,,
"(3V23) (636GQ) Holdrege, NE",311,310,99.68%,1,0.32%,307,0,3,1,0,0,0,0.50,1.53,0.00,,
"(3V23) (636GV) ONeill, NE (ONeill)",63,63,100.00%,0,0.00%,63,0,0,0,0,0,0,0.00,,0.00,,
"(3V23) (636QA) Omaha-Dorcas Street, NE",802,787,98.13%,15,1.87%,695,28,64,15,0,0,0,,,,,
"(3V23) (656) St. Cloud, MN HCS","31,766","30,848",97.11%,918,2.89%,"27,801","1,390","1,657",753,132,26,7,3.65,7.04,2.85,,
"(3V23) (656) St. Cloud, MN","27,587","26,769",97.03%,818,2.97%,"24,126","1,173","1,470",689,103,20,6,3.87,6.86,2.73,,
"(3V23) (656GA) Brainerd, MN","2,157","2,117",98.15%,40,1.85%,"1,855",154,108,34,4,2,0,4.07,5.55,3.23,,
"(3V23) (656GB) Montevideo, MN",733,721,98.36%,12,1.64%,653,37,31,9,2,1,0,3.41,2.38,5.22,,
"(3V23) (656GC) Alexandria, MN (Max J. Beilke)","1,146","1,137",99.21%,9,0.79%,"1,093",21,23,3,5,0,1,1.51,9.97,2.82,,
"(3V23) (656QA) St. Cloud, MN -
Mobile",143,104,72.73%,39,27.27%,74,5,25,18,18,3,0,,21.76,,,
,,,,,,,,,,,,,,,,,
Retrospective/Completed Appointment Wait Times National Summary.,Total Completed Appointments 1,Completed within 30 Days 2,Percent Appts Complete d in 30 Days or Less 3,Completed in Over 30 Days 4,Percent Appts Complete d in Over 30 Days 5,"Completed 0-7 Days
6","Completed 8-14
Days 7","Completed 15-30
Days 8","Completed 31-60
Days 9","Completed 61-90
Days 10","Completed 91-120
Days 11","Completed in more than 120
Days 12",PC Avg Wait Time in Days 13,SC Avg Wait Time in Days 14,MH Avg Wait Time in Days 15,,
National:  12/2017,"4,301,041","4,128,041",95.98%,"173,000",4.02%,"3,651,327","226,912","249,802","125,267","32,193","9,900","5,640",4.29,7.03,3.05,,
National:  11/2017,"4,711,170","4,527,520",96.10%,"183,650",3.90%,"3,980,125","264,048","283,347","136,453","32,245","9,473","5,479",4.28,6.98,3.02,,
National:  10/2017,"5,043,703","4,857,831",96.31%,"185,872",3.69%,"4,279,916","272,998","304,917","138,245","33,162","8,735","5,730",3.94,6.84,2.97,,
National:  9/2017,"4,552,842","4,383,140",96.27%,"169,702",3.73%,"3,859,133","252,939","271,068","129,865","27,032","7,916","4,889",4.23,6.75,2.84,,
National:  8/2017,"5,236,501","5,045,457",96.35%,"191,044",3.65%,"4,431,492","295,549","318,416","141,666","34,464","9,422","5,492",4.38,6.64,2.83,,
National:  7/2017,"4,504,077","4,341,092",96.38%,"162,985",3.62%,"3,818,506","253,331","269,255","121,618","28,818","7,848","4,701",4.35,6.62,2.86,,
National:  6/2017,"5,050,626","4,874,656",96.52%,"175,970",3.48%,"4,297,459","279,344","297,853","133,244","29,019","8,821","4,886",4.28,6.39,2.76,,
National:  5/2017,"5,186,397","5,022,137",96.83%,"164,260",3.17%,"4,437,304","281,998","302,835","121,937","29,569","8,075","4,679",4.20,6.11,2.53,,
National:  4/2017,"4,709,974","4,560,211",96.82%,"149,763",3.18%,"4,039,481","251,794","268,936","112,230","25,829","6,699","5,005",4.15,6.11,2.50,,
National:  3/2017,"5,323,093","5,153,653",96.82%,"169,440",3.18%,"4,539,403","297,735","316,515","125,874","28,829","8,823","5,914",4.17,6.27,2.61,,
National:  2/2017,"4,530,060","4,385,617",96.81%,"144,443",3.19%,"3,883,444","251,092","251,081","101,681","28,558","8,742","5,462",4.16,6.35,2.60,,
National:  1/2017,"4,709,148","4,527,353",96.14%,"181,795",3.86%,"3,990,589","264,579","272,185","130,911","34,283","10,431","6,170",4.67,7.00,2.93,,
National:  12/2016,"4,430,678","4,273,719",96.46%,"156,959",3.54%,"3,791,184","236,096","246,439","112,762","30,776","8,531","4,890",4.37,6.53,2.67,,
National:  11/2016,"4,600,860","4,440,178",96.51%,"160,682",3.49%,"3,928,442","251,034","260,702","117,792","29,777","8,512","4,601",4.41,6.45,2.67,,
National:  10/2016,"4,695,677","4,536,753",96.62%,"158,924",3.38%,"4,020,117","250,143","266,493","116,256","29,936","8,305","4,427",4.17,6.49,2.62,,
National:  9/2016,"4,880,317","4,708,924",96.49%,"171,393",3.51%,"4,157,090","273,423","278,411","125,321","31,908","9,301","4,863",4.44,6.52,2.67,,
National:  8/2016,"5,219,984","5,027,900",96.32%,"192,084",3.68%,"4,431,252","289,612","307,036","137,388","39,015","10,731","4,950",4.71,6.68,2.75,,
National:  7/2016,"4,438,995","4,277,326",96.36%,"161,669",3.64%,"3,775,216","244,855","257,255","117,121","32,674","7,973","3,901",4.72,6.60,2.77,,
National:  6/2016,"4,989,814","4,810,457",96.41%,"179,357",3.59%,"4,249,171","274,867","286,419","132,472","33,940","8,667","4,278",4.66,6.45,2.76,,
National:  5/2016,"4,877,166","4,716,541",96.71%,"160,625",3.29%,"4,176,545","265,421","274,575","116,939","31,182","8,061","4,443",4.57,6.16,2.51,,
National:  4/2016,"4,931,526","4,764,941",96.62%,"166,585",3.38%,"4,235,062","260,000","269,879","123,402","31,352","6,895","4,936",4.68,6.19,2.43,,
National:  3/2016,"5,353,597","5,177,734",96.72%,"175,863",3.28%,"4,592,329","286,950","298,455","128,719","32,444","8,996","5,704",4.66,6.13,2.64,,
National:  2/2016,"4,744,626","4,576,434",96.46%,"168,192",3.54%,"4,058,457","248,628","269,349","115,206","38,428","9,410","5,148",4.92,6.44,3.03,,
National:  1/2016,"4,497,268","4,309,895",95.83%,"187,373",4.17%,"3,833,679","234,543","241,673","130,990","41,268","10,030","5,085",5.20,6.90,3.29,,
National:  12/2015,"4,672,667","4,493,236",96.16%,"179,431",3.84%,"3,996,052","243,148","254,036","128,757","37,495","9,077","4,102",4.87,6.44,3.03,,
National:  11/2015,"4,388,187","4,228,217",96.35%,"159,970",3.65%,"3,767,085","223,891","237,241","117,739","31,389","7,526","3,316",4.57,6.28,3.03,,
National:  10/2015,"4,966,790","4,804,228",96.73%,"162,562",3.27%,"4,300,175","242,986","261,067","119,186","32,079","7,643","3,654",4.01,6.03,3.02,,
Retrospective/Completed Appointment Wait Times National Summary.,Total Completed Appointments 1,Completed within 30 Days 2,Percent Appts Complete d in 30 Days or Less 3,Completed in Over 30 Days 4,Percent Appts Complete d in Over 30 Days 5,"Completed 0-7 Days
6","Completed 8-14
Days 7","Completed 15-30
Days 8","Completed 31-60
Days 9","Completed 61-90
Days 10","Completed 91-120
Days 11","Completed in more than 120
Days 12",PC Avg Wait Time in Days 13,SC Avg Wait Time in Days 14,MH Avg Wait Time in Days 15,,
National:  9/2015,"4,883,045","4,721,707",96.70%,"161,338",3.30%,"4,221,358","247,570","252,779","119,391","30,631","7,996","3,320",4.37,5.81,3.07,,
National:  8/2015,"4,719,582","4,568,688",96.80%,"150,894",3.20%,"4,091,006","233,283","244,399","111,150","29,922","6,849","2,973",4.50,5.67,3.01,,
National:  7/2015,"4,828,643","4,683,157",96.99%,"145,486",3.01%,"4,201,368","237,391","244,398","107,431","28,846","6,504","2,705",4.38,5.40,2.94,,
National:  6/2015,"4,985,100","4,840,357",97.10%,"144,743",2.90%,"4,370,890","233,718","235,749","109,220","26,807","6,266","2,450",4.19,5.14,2.85,,
National:  5/2015,"4,546,635","4,426,685",97.36%,"119,950",2.64%,"4,009,888","209,459","207,338","90,638","22,481","4,744","2,087",4.09,4.84,2.68,,
National:  4/2015,"5,063,122","4,923,164",97.24%,"139,958",2.76%,"4,456,684","229,968","236,512","107,548","24,886","4,823","2,701",4.15,4.87,2.82,,
National:  3/2015,"5,046,853","4,905,459",97.20%,"141,394",2.80%,"4,421,214","239,184","245,061","106,768","24,758","6,450","3,418",4.24,5.02,3.18,,
National:  2/2015,"4,265,529","4,146,447",97.21%,"119,082",2.79%,"3,752,551","197,251","196,645","83,656","25,964","6,573","2,889",4.28,4.96,3.15,,
National:  1/2015,"4,549,212","4,395,590",96.62%,"153,622",3.38%,"3,991,738","204,071","199,781","108,801","33,289","7,433","4,099",4.61,5.47,3.44,,
National:  12/2014,"4,578,871","4,447,602",97.13%,"131,269",2.87%,,,"191,232","98,978","26,128","4,645","1,518",4.03,4.71,2.75,,
National:  11/2014,"4,059,004","3,946,192",97.22%,"112,812",2.78%,,,"165,191","87,469","20,281","3,873","1,189",3.88,4.61,2.58,,
National:  10/2014,"5,216,606","5,091,134",97.59%,"125,472",2.41%,,,"202,876","94,692","24,903","4,511","1,366",3.27,4.32,2.49,,
National:  9/2014,"4,871,976","4,739,653",97.28%,"132,323",2.72%,,,"183,439","100,729","24,871","5,264","1,459",3.72,4.42,2.51,,
National:  8/2014,"4,625,958","4,513,660",97.57%,"112,298",2.43%,,,"167,327","84,618","22,209","4,495",976,3.57,4.15,2.36,,
National:  7/2014,"4,867,639","4,761,816",97.83%,"105,823",2.17%,,,"169,508","81,602","18,973","4,423",825,3.15,3.87,2.12,,
National:  6/2014,"4,723,099","4,637,872",98.20%,"85,227",1.80%,,,"136,897","63,313","16,952","4,199",763,2.57,3.39,1.84,,
National:  5/2014,"4,676,707","4,601,367",98.39%,"75,340",1.61%,,,"126,582","57,338","13,995","3,459",548,2.20,3.20,1.71,,
Public Data PDF Completed Appointments_PDFReady                    Printed by: DVA\vhacowheelj on 1/24/2018 7:44:54 AM,,,,,,,,,,,,,,,,,
"FOOTNOTES
*Preferred Date (PD): The date for the appointment that is deemed medically appropriate by the Veteran's physician or if no such determination has been made, the date a veteran prefers to be seen by a health care provider capable of furnishing the hospital care or medical services required by the veteran.  Also referred to as the date the Veteran indicates they want to be seen.
* Clinically Indicated Date (CID):  The date the provider indicates a patient should return for a future appointment.
*Completed Appointment:  The date an appointment has been completed.
NOTE: Note: As of 04/30/2015 the Appts completed between 0 -14 days was broken out into 0-7 and 8-14. The breakout is not available prior to 01/31/2015
1. Total Appointments Completed: Every completed appointment at that facility except surgery and procedures.
2. Appointments completed in 30 Days or under: Number of appointments completed between 0-30 days of preferred date
3. Percent of Appointments Completed 30 Days or under: The percent of total appointments completed within 30 days
4. Appointments completed in over 30 Days: Number of appointments scheduled greater than 30 days of the preferred date
5. Percent of Appointments Completed in over 30 Days: The percent of total appointments scheduled beyond 30 days
6. Appointments completed between 0-7 Days: Number of appointments completed between 0-7 days of the preferred date.
7. Appointments completed between 8-14 Days: Number of appointments completed between 8-14 days of the preferred date.
8. Appointments completed between 15-30 Days: Number of appointments completed between 15-30 days of the preferred date.
9. Appointments completed between 31-60 Days: Number of appointments completed between 31-60 days of the preferred date.
10. Appointments completed between 61-90 Days: Number of appointments completed between 61-90 days of the preferred date.
11. Appointments completed between 91-120 Days: Number of appointments completed between 91-120 days of the preferred date.
12. Appointments Completed in Greater Than 120 Days: Number of appointments completed in greater than 120 days of the preferred date.
13. PC Avg Wait Time: Average waiting time for Primary Care appointments that were completed for the month of October 2014.
14. SC Avg Wait Time: Average waiting time for Specialty Care appointments that were completed for the month of October 2014.
15. MH Avg Wait Time: Average waiting time for Mental Health appointments that were completed for the month of October 2014. NOTE: The zero means there are no patients or appointments in that category.
NOTE: The blank cells mean that there is no data _ for example, is the Average MH wait Time is blank, that means that the station didn_t have any MH Appts pending from which to calculate an average. Additional definitions:
1.     Create Date:  The date the appointment entry itself was created, or made.
NOTE: The Data Source for this report was altered to use the Corporate Data Warehouse on 3/20/2015. The new data source is displayed in the data beginning January 2015NOTE: The Data Source for this report was altered to use the Corporate Data
Warehouse on 4/1/2015. The new data source is displayed in the data beginning 4/1/2015.",,,,,,,,,,,,,,,,,